(10000,1,11,17,23,29,35)
(10001,1,26,20,14,8,2,3)
(10002,1,14,15,16,17,23,29,35)
(10003,1,32,26,20,14,13)
(10004,1,4,5,11,17,23)
(10005,1,27,21,15,9,3,4,5)
(10006,1,14,20,26,32)
(10007,1,8,9,10,11,12,18,24,30)
(10008,1,5,4,3,2,8,14,20,26)
(10009,1,32,26,20,14,8,9,10,11,12)
(10010,1,4,3,2,1,7,13,19,25,31)
(10011,1,30,24,18,12,6,5,4,3)
(10012,1,27,21,15,9,3,2)
(10013,1,34,28,22,16,10,9,8,7)
(10014,1,10,16,22,28,34)
(10015,1,20,14,8,2,1)
(10016,1,23,17,11,5,4,3)
(10017,1,31,25,19,13,7,8,9,10,11)
(10018,1,14,15,16,17,18,24,30,36)
(10019,1,16,17,18,24,30,36)
(10020,1,30,24,18,12,6,5,4)
(10021,1,32,26,20,14,8,2,3,4)
(10022,1,18,24,30,36)
(10023,1,33,27,21,15,9,3,2,1)
(10024,1,32,26,20,14,8,9,10,11,12)
(10025,1,19,13,7,1)
(10026,1,36,30,24,18)
(10027,1,26,20,14,8)
(10028,1,27,21,15,9,3,4)
(10029,1,31,25,19,13,7,8,9,10,11)
(10030,1,7,8,9,10,11,12,18,24,30,36)
(10031,1,19,13,7,1)
(10032,1,25,19,13,7,1,2)
(10033,1,22,16,10,4)
(10034,1,17,23,29,35)
(10035,1,36,30,24,18,12)
(10036,1,17,18,24,30,36)
(10037,1,23,17,11,5,4)
(10038,1,8,9,10,16,22,28,34)
(10039,1,10,9,8,14,20,26,32)
(10040,1,18,24,30,36)
(10041,1,11,10,16,22,28,34)
(10042,1,7,8,9,10,11,12,18,24,30)
(10043,1,9,10,11,17,23,29,35)
(10044,1,31,25,19,13,7,1,2,3,4,5)
(10045,1,18,24,30,36)
(10046,1,14,15,16,17,23,29,35)
(10047,1,8,9,10,11,12,18,24,30)
(10048,1,10,11,17,23,29,35)
(10049,1,26,20,14,8,2,3,4,5,6)
(10050,1,28,22,16,10,4,3)
(10051,1,7,13,19,25,31)
(10052,1,17,23,29,35)
(10053,1,2,3,9,15,21)
(10054,1,19,13,7,1)
(10055,1,31,25,19,13,7,1)
(10056,1,6,12,18,24,30)
(10057,1,24,18,12,6,5,4,3)
(10058,1,8,9,10,16,22,28,34)
(10059,1,34,28,22,16,10,4,3,2)
(10060,1,33,27,21,15,9,3,4,5,6)
(10061,1,5,6,12,18,24,30,36)
(10062,1,5,4,3,2,1,7,13,19,25)
(10063,1,19,13,7,1)
(10064,1,27,21,15,9,8)
(10065,1,13,19,25,31)
(10066,1,32,26,20,14,8,9,10,11,12)
(10067,1,29,23,17,11,5,4,3,2,1)
(10068,1,29,23,17,11,10,9,8,7)
(10069,1,25,19,13,7,1,2,3,4,5)
(10070,1,20,14,8,2,1)
(10071,1,31,25,19,13,7,8,9,10)
(10072,1,8,9,15,21,27)
(10073,1,1,2,3,4,5,11,17,23,29)
(10074,1,22,16,10,4,3,2)
(10075,1,23,17,11,5,4,3)
(10076,1,20,14,8,2)
(10077,1,29,23,17,11,5,4,3,2)
(10078,1,4,5,6,12,18,24,30)
(10079,1,15,21,27,33)
(10080,1,32,26,20,14,8,2,1)
(10081,1,35,29,23,17,16,15,14,13)
(10082,1,13,14,15,16,17,23,29,35)
(10083,1,35,29,23,17,11,10)
(10084,1,3,4,5,6,12,18,24,30,36)
(10085,1,16,17,23,29,35)
(10086,1,26,20,14,8)
(10087,1,10,11,12,18,24,30,36)
(10088,1,12,18,24,30)
(10089,1,26,20,14,8,2,3)
(10090,1,16,17,18,24,30,36)
(10091,1,30,24,18,12,11,10)
(10092,1,6,5,4,3,2,1,7,13,19,25,31)
(10093,1,12,11,10,9,8,14,20,26,32)
(10094,1,28,22,16,10,4,3,2,1)
(10095,1,31,25,19,13,7,8,9,10,11,12)
(10096,1,27,21,15,9,3,4,5,6)
(10097,1,18,24,30,36)
(10098,1,33,27,21,15,9,3,4)
(10099,1,8,14,20,26)
(10100,1,8,9,15,21,27)
(10101,1,34,28,22,16,10,4,3)
(10102,1,15,16,17,23,29,35)
(10103,1,22,16,10,4,3,2)
(10104,1,32,26,20,14,8,2,3,4,5,6)
(10105,1,36,30,24,18,12,11,10)
(10106,1,7,8,9,10,16,22,28,34)
(10107,1,19,13,7,1)
(10108,1,32,26,20,14)
(10109,1,27,21,15,9)
(10110,1,8,9,10,16,22,28,34)
(10111,1,33,27,21,15,14)
(10112,1,1,2,3,4,5,11,17,23)
(10113,1,8,14,20,26,32)
(10114,1,31,25,19,13,7,8,9)
(10115,1,32,26,20,14,8,2,3)
(10116,1,16,17,23,29,35)
(10117,1,12,11,17,23,29,35)
(10118,1,10,11,12,18,24,30)
(10119,1,7,8,9,10,16,22,28,34)
(10120,1,36,30,24,18,12,11,10,9,8)
(10121,1,21,15,9,3,2,1)
(10122,1,5,4,10,16,22,28)
(10123,1,33,27,21,15,9,3,2,1)
(10124,1,6,5,11,17,23,29,35)
(10125,1,6,5,11,17,23,29)
(10126,1,5,6,12,18,24,30,36)
(10127,1,6,5,4,3,2,1,7,13,19,25,31)
(10128,1,8,9,10,11,17,23,29,35)
(10129,1,19,13,7,1)
(10130,1,25,19,13,7)
(10131,1,28,22,16,10,9)
(10132,1,16,22,28,34)
(10133,1,8,9,10,11,12,18,24,30)
(10134,1,2,1,7,13,19,25,31)
(10135,1,18,24,30,36)
(10136,1,6,5,4,10,16,22,28)
(10137,1,12,11,10,16,22,28,34)
(10138,1,23,17,11,5,4,3,2,1)
(10139,1,33,27,21,15)
(10140,1,32,26,20,14,8,2,3,4,5,6)
(10141,1,30,24,18,12,6,5)
(10142,1,7,8,14,20,26)
(10143,1,3,2,8,14,20,26,32)
(10144,1,22,16,10,4)
(10145,1,7,13,19,25,31)
(10146,1,36,30,24,18,17,16,15,14,13)
(10147,1,13,19,25,31)
(10148,1,17,18,24,30,36)
(10149,1,21,15,9,3,2)
(10150,1,28,22,16,10,4,5,6)
(10151,1,31,25,19,13,7)
(10152,1,3,4,10,16,22,28,34)
(10153,1,29,23,17,11,10,9,8)
(10154,1,35,29,23,17)
(10155,1,34,28,22,16,10,4)
(10156,1,18,24,30,36)
(10157,1,19,13,7,1)
(10158,1,17,23,29,35)
(10159,1,11,10,9,15,21,27,33)
(10160,1,33,27,21,15,9,3,4)
(10161,1,10,9,8,7,13,19,25,31)
(10162,1,5,4,10,16,22,28)
(10163,1,17,18,24,30,36)
(10164,1,17,23,29,35)
(10165,1,6,12,18,24,30)
(10166,1,31,25,19,13,7,1,2,3,4,5,6)
(10167,1,19,13,7,1)
(10168,1,19,13,7,1)
(10169,1,4,5,6,12,18,24,30)
(10170,1,15,16,17,23,29,35)
(10171,1,14,15,16,17,18,24,30,36)
(10172,1,9,15,21,27)
(10173,1,8,9,10,11,12,18,24,30,36)
(10174,1,6,5,4,3,2,1,7,13,19,25,31)
(10175,1,14,15,16,22,28,34)
(10176,1,12,11,10,9,15,21,27,33)
(10177,1,34,28,22,16,10,4,3)
(10178,1,25,19,13,7,1,2,3,4,5,6)
(10179,1,22,16,10,4,3)
(10180,1,15,16,17,18,24,30,36)
(10181,1,30,24,18,12)
(10182,1,3,4,5,11,17,23,29,35)
(10183,1,6,5,4,3,2,1,7,13,19,25,31)
(10184,1,7,8,9,10,11,17,23,29)
(10185,1,10,11,17,23,29,35)
(10186,1,35,29,23,17,11,12)
(10187,1,29,23,17,11,5,4)
(10188,1,13,14,20,26,32)
(10189,1,20,14,8,2)
(10190,1,30,24,18,12,6,5,4)
(10191,1,12,18,24,30)
(10192,1,11,12,18,24,30)
(10193,1,4,3,9,15,21,27)
(10194,1,5,4,3,2,1,7,13,19,25,31)
(10195,1,29,23,17,11,10,9,8,7)
(10196,1,25,19,13,7,1,2)
(10197,1,26,20,14,8,2,1)
(10198,1,10,11,12,18,24,30,36)
(10199,1,19,13,7,1)
(10200,1,7,8,9,15,21,27)
(10201,1,34,28,22,16,10,11)
(10202,1,22,16,10,4)
(10203,1,16,17,23,29,35)
(10204,1,28,22,16,10,4)
(10205,1,19,13,7,1)
(10206,1,36,30,24,18,17,16,15,14,13)
(10207,1,6,5,11,17,23,29)
(10208,1,10,11,17,23,29)
(10209,1,19,13,7,1)
(10210,1,19,13,7,1)
(10211,1,20,14,8,2)
(10212,1,3,4,5,6,12,18,24,30)
(10213,1,32,26,20,14,8,9)
(10214,1,17,18,24,30,36)
(10215,1,2,3,4,5,6,12,18,24,30,36)
(10216,1,17,23,29,35)
(10217,1,18,24,30,36)
(10218,1,8,7,13,19,25,31)
(10219,1,22,16,10,4,3,2)
(10220,1,2,3,9,15,21,27,33)
(10221,1,20,14,8,2,1)
(10222,1,30,24,18,12,6,5,4,3,2)
(10223,1,28,22,16,10,4,5)
(10224,1,6,5,4,3,9,15,21,27)
(10225,1,25,19,13,7,1,2)
(10226,1,14,15,16,17,18,24,30,36)
(10227,1,19,13,7,1)
(10228,1,4,5,11,17,23)
(10229,1,35,29,23,17,16)
(10230,1,30,24,18,12,11,10,9,8,7)
(10231,1,29,23,17,11,5,6)
(10232,1,18,24,30,36)
(10233,1,9,8,7,13,19,25,31)
(10234,1,8,9,15,21,27,33)
(10235,1,4,3,2,1,7,13,19,25,31)
(10236,1,12,18,24,30)
(10237,1,20,14,8,2,1)
(10238,1,2,3,4,5,6,12,18,24,30)
(10239,1,28,22,16,10)
(10240,1,8,14,20,26,32)
(10241,1,23,17,11,5)
(10242,1,30,24,18,12,11,10,9)
(10243,1,22,16,10,4)
(10244,1,12,18,24,30,36)
(10245,1,23,17,11,5,4,3,2,1)
(10246,1,15,16,17,23,29,35)
(10247,1,24,18,12,6,5)
(10248,1,16,17,18,24,30,36)
(10249,1,12,11,10,9,8,14,20,26,32)
(10250,1,30,24,18,12,11,10,9,8)
(10251,1,20,14,8,2,1)
(10252,1,36,30,24,18,17,16)
(10253,1,28,22,16,10,4,3)
(10254,1,15,16,22,28,34)
(10255,1,28,22,16,10,4,3,2)
(10256,1,1,2,3,4,10,16,22,28)
(10257,1,21,15,9,3,2,1)
(10258,1,24,18,12,6,5)
(10259,1,7,8,9,10,16,22,28,34)
(10260,1,9,10,16,22,28,34)
(10261,1,4,3,2,1,7,13,19,25,31)
(10262,1,6,12,18,24)
(10263,1,12,11,10,9,8,14,20,26,32)
(10264,1,33,27,21,15,9,3,2,1)
(10265,1,35,29,23,17,11,5,4,3,2)
(10266,1,10,9,15,21,27,33)
(10267,1,28,22,16,10,9,8,7)
(10268,1,19,13,7,1)
(10269,1,31,25,19,13,7,1,2,3,4,5)
(10270,1,34,28,22,16)
(10271,1,24,18,12,6,5,4)
(10272,1,25,19,13,7,1,2,3,4,5)
(10273,1,9,10,16,22,28,34)
(10274,1,13,14,15,16,17,18,24,30,36)
(10275,1,12,11,10,16,22,28,34)
(10276,1,3,4,5,6,12,18,24)
(10277,1,10,9,8,7,13,19,25,31)
(10278,1,23,17,11,5,4,3)
(10279,1,22,16,10,4,3,2)
(10280,1,28,22,16,10,4,3,2)
(10281,1,15,21,27,33)
(10282,1,31,25,19,13,7,1,2,3)
(10283,1,18,24,30,36)
(10284,1,34,28,22,16)
(10285,1,1,2,3,9,15,21,27,33)
(10286,1,36,30,24,18,12,6,5)
(10287,1,7,8,9,10,11,17,23,29)
(10288,1,18,24,30,36)
(10289,1,29,23,17,11,10,9)
(10290,1,18,24,30,36)
(10291,1,35,29,23,17,16,15)
(10292,1,2,3,4,10,16,22)
(10293,1,15,16,17,23,29,35)
(10294,1,9,10,16,22,28,34)
(10295,1,34,28,22,16,10)
(10296,1,7,8,14,20,26,32)
(10297,1,15,16,22,28,34)
(10298,1,3,4,5,6,12,18,24,30)
(10299,1,3,4,5,11,17,23,29,35)
(10300,1,17,18,24,30,36)
(10301,1,8,9,15,21,27,33)
(10302,1,15,16,17,23,29,35)
(10303,1,22,16,10,4,3,2,1)
(10304,1,34,28,22,16,10,11)
(10305,1,13,14,15,16,22,28,34)
(10306,1,21,15,9,3,2,1)
(10307,1,32,26,20,14)
(10308,1,18,24,30,36)
(10309,1,21,15,9,3,2)
(10310,1,19,13,7,1)
(10311,1,20,14,8,2)
(10312,1,6,5,4,10,16,22,28,34)
(10313,1,21,15,9,3)
(10314,1,1,2,3,4,5,6,12,18,24,30)
(10315,1,30,24,18,12,6,5)
(10316,1,22,16,10,4,3,2,1)
(10317,1,6,12,18,24)
(10318,1,12,11,10,9,8,7,13,19,25,31)
(10319,1,27,21,15,9,3,4)
(10320,1,27,21,15,9,3,2,1)
(10321,1,11,17,23,29)
(10322,1,33,27,21,15,14,13)
(10323,1,9,15,21,27,33)
(10324,1,31,25,19,13,7,8,9,10)
(10325,1,10,11,17,23,29,35)
(10326,1,7,13,19,25,31)
(10327,1,11,17,23,29,35)
(10328,1,21,15,9,3)
(10329,1,10,16,22,28)
(10330,1,7,8,9,10,11,17,23,29)
(10331,1,36,30,24,18,12)
(10332,1,33,27,21,15,9,8)
(10333,1,11,12,18,24,30)
(10334,1,10,11,12,18,24,30,36)
(10335,1,2,3,4,10,16,22)
(10336,1,19,13,7,1)
(10337,1,3,4,5,11,17,23,29,35)
(10338,1,6,12,18,24)
(10339,1,25,19,13,7,1,2)
(10340,1,10,9,8,14,20,26,32)
(10341,1,13,19,25,31)
(10342,1,22,16,10,4,3,2)
(10343,1,30,24,18,12,11)
(10344,1,33,27,21,15,9,3)
(10345,1,30,24,18,12,11)
(10346,1,18,24,30,36)
(10347,1,25,19,13,7,1,2,3,4)
(10348,1,35,29,23,17,11,10,9)
(10349,1,23,17,11,5,4)
(10350,1,19,13,7,1)
(10351,1,29,23,17,11,10,9,8,7)
(10352,1,19,13,7,1)
(10353,1,29,23,17,11,10,9,8)
(10354,1,13,14,15,21,27,33)
(10355,1,12,11,17,23,29,35)
(10356,1,4,3,9,15,21,27,33)
(10357,1,18,24,30,36)
(10358,1,9,10,11,17,23,29)
(10359,1,18,24,30,36)
(10360,1,32,26,20,14,8)
(10361,1,32,26,20,14,8,9,10,11,12)
(10362,1,29,23,17,11)
(10363,1,33,27,21,15,9,3)
(10364,1,24,18,12,6,5)
(10365,1,35,29,23,17,11,5,4,3,2,1)
(10366,1,2,8,14,20,26,32)
(10367,1,7,8,14,20,26)
(10368,1,32,26,20,14,8,9,10,11,12)
(10369,1,20,14,8,2,1)
(10370,1,19,13,7,1)
(10371,1,36,30,24,18,12,6,5,4,3)
(10372,1,19,13,7,1)
(10373,1,1,2,3,4,5,11,17,23,29,35)
(10374,1,11,12,18,24,30,36)
(10375,1,32,26,20,14,8,2,3)
(10376,1,5,4,3,2,1,7,13,19,25)
(10377,1,36,30,24,18,12,6,5,4)
(10378,1,12,11,10,9,15,21,27,33)
(10379,1,15,16,22,28,34)
(10380,1,12,11,10,9,8,7,13,19,25,31)
(10381,1,8,7,13,19,25,31)
(10382,1,25,19,13,7,1,2,3,4)
(10383,1,9,15,21,27)
(10384,1,27,21,15,9,3)
(10385,1,3,9,15,21,27)
(10386,1,10,9,8,7,13,19,25,31)
(10387,1,7,8,14,20,26)
(10388,1,11,10,16,22,28,34)
(10389,1,22,16,10,4,3)
(10390,1,23,17,11,5,4,3,2)
(10391,1,28,22,16,10,4,3,2,1)
(10392,1,30,24,18,12,11,10)
(10393,1,3,9,15,21)
(10394,1,30,24,18,12)
(10395,1,16,17,23,29,35)
(10396,1,18,24,30,36)
(10397,1,26,20,14,8,2,3,4,5)
(10398,1,13,19,25,31)
(10399,1,19,13,7,1)
(10400,1,33,27,21,15,9,8)
(10401,1,19,13,7,1)
(10402,1,32,26,20,14,8,7)
(10403,1,17,18,24,30,36)
(10404,1,14,15,16,22,28,34)
(10405,1,2,3,4,10,16,22,28,34)
(10406,1,26,20,14,8,2,3)
(10407,1,3,2,1,7,13,19,25,31)
(10408,1,21,15,9,3,2,1)
(10409,1,16,17,18,24,30,36)
(10410,1,27,21,15,9,3,4,5)
(10411,1,30,24,18,12,6,5,4)
(10412,1,14,20,26,32)
(10413,1,10,9,8,14,20,26,32)
(10414,1,33,27,21,15,14,13)
(10415,1,19,13,7,1)
(10416,1,9,10,16,22,28)
(10417,1,18,24,30,36)
(10418,1,17,23,29,35)
(10419,1,16,17,18,24,30,36)
(10420,1,18,24,30,36)
(10421,1,9,10,11,12,18,24,30)
(10422,1,24,18,12,6,5,4,3)
(10423,1,17,23,29,35)
(10424,1,26,20,14,8)
(10425,1,13,14,15,16,17,23,29,35)
(10426,1,32,26,20,14,8,2,3,4,5)
(10427,1,32,26,20,14,8,9,10,11,12)
(10428,1,8,9,15,21,27,33)
(10429,1,14,15,16,22,28,34)
(10430,1,6,12,18,24,30,36)
(10431,1,31,25,19,13,7,8,9,10)
(10432,1,26,20,14,8)
(10433,1,18,24,30,36)
(10434,1,2,3,4,5,6,12,18,24,30,36)
(10435,1,21,15,9,3)
(10436,1,7,8,14,20,26)
(10437,1,33,27,21,15,9)
(10438,1,4,5,11,17,23,29,35)
(10439,1,23,17,11,5,4)
(10440,1,22,16,10,4,3,2)
(10441,1,5,4,3,2,1,7,13,19,25)
(10442,1,22,16,10,4)
(10443,1,29,23,17,11,10,9,8,7)
(10444,1,33,27,21,15,9,3,4,5)
(10445,1,18,24,30,36)
(10446,1,32,26,20,14,13)
(10447,1,26,20,14,8,2)
(10448,1,11,17,23,29)
(10449,1,25,19,13,7,1)
(10450,1,26,20,14,8,2,3,4)
(10451,1,33,27,21,15,9,3,4)
(10452,1,14,15,16,17,23,29,35)
(10453,1,33,27,21,15,9,3,2)
(10454,1,8,9,10,11,12,18,24,30)
(10455,1,11,10,9,8,7,13,19,25,31)
(10456,1,11,12,18,24,30)
(10457,1,8,9,15,21,27)
(10458,1,35,29,23,17,16)
(10459,1,13,14,15,16,22,28,34)
(10460,1,11,17,23,29,35)
(10461,1,35,29,23,17,11,10,9,8,7)
(10462,1,3,9,15,21)
(10463,1,15,16,22,28,34)
(10464,1,13,14,15,16,22,28,34)
(10465,1,23,17,11,5,4,3)
(10466,1,7,8,14,20,26)
(10467,1,7,8,14,20,26)
(10468,1,35,29,23,17,11,10,9,8)
(10469,1,30,24,18,12,6,5,4,3,2)
(10470,1,17,18,24,30,36)
(10471,1,25,19,13,7,1)
(10472,1,28,22,16,10,4)
(10473,1,27,21,15,9,8)
(10474,1,16,22,28,34)
(10475,1,19,13,7,1)
(10476,1,7,8,9,10,11,12,18,24,30,36)
(10477,1,13,14,15,21,27,33)
(10478,1,34,28,22,16,10,4,3,2)
(10479,1,11,12,18,24,30,36)
(10480,1,24,18,12,6)
(10481,1,36,30,24,18,17,16,15,14,13)
(10482,1,5,6,12,18,24,30,36)
(10483,1,3,4,10,16,22)
(10484,1,12,11,10,9,8,7,13,19,25,31)
(10485,1,9,10,11,17,23,29,35)
(10486,1,33,27,21,15,9,10,11,12)
(10487,1,16,17,23,29,35)
(10488,1,14,15,16,22,28,34)
(10489,1,4,5,6,12,18,24)
(10490,1,27,21,15,9,3,2)
(10491,1,36,30,24,18,12,6,5,4,3,2)
(10492,1,3,2,8,14,20,26,32)
(10493,1,19,13,7,1)
(10494,1,12,11,17,23,29,35)
(10495,1,35,29,23,17,16,15)
(10496,1,33,27,21,15,9,10,11,12)
(10497,1,27,21,15,9,3,4)
(10498,1,23,17,11,5,4,3,2,1)
(10499,1,11,10,16,22,28,34)
(10500,1,25,19,13,7,1,2,3,4)
(10501,1,17,18,24,30,36)
(10502,1,20,14,8,2)
(10503,1,17,18,24,30,36)
(10504,1,1,2,3,4,10,16,22,28)
(10505,1,32,26,20,14,13)
(10506,1,11,10,16,22,28,34)
(10507,1,27,21,15,9,3,4,5,6)
(10508,1,22,16,10,4,3,2,1)
(10509,1,2,8,14,20)
(10510,1,28,22,16,10,9,8,7)
(10511,1,13,14,15,16,17,23,29,35)
=======
(1,1,26,20,14,8,2,3)
(2,1,14,15,16,17,23,29,35)
(3,1,32,26,20,14,13)
(4,1,4,5,11,17,23)
(5,1,27,21,15,9,3,4,5)
(6,1,14,20,26,32)
(7,1,8,9,10,11,12,18,24,30)
(8,1,5,4,3,2,8,14,20,26)
(9,1,32,26,20,14,8,9,10,11,12)
(10,1,4,3,2,1,7,13,19,25,31)
(11,1,30,24,18,12,6,5,4,3)
(12,1,27,21,15,9,3,2)
(13,1,34,28,22,16,10,9,8,7)
(14,1,10,16,22,28,34)
(15,1,20,14,8,2,1)
(16,1,23,17,11,5,4,3)
(17,1,31,25,19,13,7,8,9,10,11)
(18,1,14,15,16,17,18,24,30,36)
(19,1,16,17,18,24,30,36)
(20,1,30,24,18,12,6,5,4)
(21,1,32,26,20,14,8,2,3,4)
(22,1,18,24,30,36)
(23,1,33,27,21,15,9,3,2,1)
(24,1,32,26,20,14,8,9,10,11,12)
(25,1,19,13,7,1)
(26,1,36,30,24,18)
(27,1,26,20,14,8)
(28,1,27,21,15,9,3,4)
(29,1,31,25,19,13,7,8,9,10,11)
(30,1,7,8,9,10,11,12,18,24,30,36)
(31,1,19,13,7,1)
(32,1,25,19,13,7,1,2)
(33,1,22,16,10,4)
(34,1,17,23,29,35)
(35,1,36,30,24,18,12)
(36,1,17,18,24,30,36)
(37,1,23,17,11,5,4)
(38,1,8,9,10,16,22,28,34)
(39,1,10,9,8,14,20,26,32)
(40,1,18,24,30,36)
(41,1,11,10,16,22,28,34)
(42,1,7,8,9,10,11,12,18,24,30)
(43,1,9,10,11,17,23,29,35)
(44,1,31,25,19,13,7,1,2,3,4,5)
(45,1,18,24,30,36)
(46,1,14,15,16,17,23,29,35)
(47,1,8,9,10,11,12,18,24,30)
(48,1,10,11,17,23,29,35)
(49,1,26,20,14,8,2,3,4,5,6)
(50,1,28,22,16,10,4,3)
(51,1,7,13,19,25,31)
(52,1,17,23,29,35)
(53,1,2,3,9,15,21)
(54,1,19,13,7,1)
(55,1,31,25,19,13,7,1)
(56,1,6,12,18,24,30)
(57,1,24,18,12,6,5,4,3)
(58,1,8,9,10,16,22,28,34)
(59,1,34,28,22,16,10,4,3,2)
(60,1,33,27,21,15,9,3,4,5,6)
(61,1,5,6,12,18,24,30,36)
(62,1,5,4,3,2,1,7,13,19,25)
(63,1,19,13,7,1)
(64,1,27,21,15,9,8)
(65,1,13,19,25,31)
(66,1,32,26,20,14,8,9,10,11,12)
(67,1,29,23,17,11,5,4,3,2,1)
(68,1,29,23,17,11,10,9,8,7)
(69,1,25,19,13,7,1,2,3,4,5)
(70,1,20,14,8,2,1)
(71,1,31,25,19,13,7,8,9,10)
(72,1,8,9,15,21,27)
(73,1,1,2,3,4,5,11,17,23,29)
(74,1,22,16,10,4,3,2)
(75,1,23,17,11,5,4,3)
(76,1,20,14,8,2)
(77,1,29,23,17,11,5,4,3,2)
(78,1,4,5,6,12,18,24,30)
(79,1,15,21,27,33)
(80,1,32,26,20,14,8,2,1)
(81,1,35,29,23,17,16,15,14,13)
(82,1,13,14,15,16,17,23,29,35)
(83,1,35,29,23,17,11,10)
(84,1,3,4,5,6,12,18,24,30,36)
(85,1,16,17,23,29,35)
(86,1,26,20,14,8)
(87,1,10,11,12,18,24,30,36)
(88,1,12,18,24,30)
(89,1,26,20,14,8,2,3)
(90,1,16,17,18,24,30,36)
(91,1,30,24,18,12,11,10)
(92,1,6,5,4,3,2,1,7,13,19,25,31)
(93,1,12,11,10,9,8,14,20,26,32)
(94,1,28,22,16,10,4,3,2,1)
(95,1,31,25,19,13,7,8,9,10,11,12)
(96,1,27,21,15,9,3,4,5,6)
(97,1,18,24,30,36)
(98,1,33,27,21,15,9,3,4)
(99,1,8,14,20,26)
(100,1,8,9,15,21,27)
(101,1,34,28,22,16,10,4,3)
(102,1,15,16,17,23,29,35)
(103,1,22,16,10,4,3,2)
(104,1,32,26,20,14,8,2,3,4,5,6)
(105,1,36,30,24,18,12,11,10)
(106,1,7,8,9,10,16,22,28,34)
(107,1,19,13,7,1)
(108,1,32,26,20,14)
(109,1,27,21,15,9)
(110,1,8,9,10,16,22,28,34)
(111,1,33,27,21,15,14)
(112,1,1,2,3,4,5,11,17,23)
(113,1,8,14,20,26,32)
(114,1,31,25,19,13,7,8,9)
(115,1,32,26,20,14,8,2,3)
(116,1,16,17,23,29,35)
(117,1,12,11,17,23,29,35)
(118,1,10,11,12,18,24,30)
(119,1,7,8,9,10,16,22,28,34)
(120,1,36,30,24,18,12,11,10,9,8)
(121,1,21,15,9,3,2,1)
(122,1,5,4,10,16,22,28)
(123,1,33,27,21,15,9,3,2,1)
(124,1,6,5,11,17,23,29,35)
(125,1,6,5,11,17,23,29)
(126,1,5,6,12,18,24,30,36)
(127,1,6,5,4,3,2,1,7,13,19,25,31)
(128,1,8,9,10,11,17,23,29,35)
(129,1,19,13,7,1)
(130,1,25,19,13,7)
(131,1,28,22,16,10,9)
(132,1,16,22,28,34)
(133,1,8,9,10,11,12,18,24,30)
(134,1,2,1,7,13,19,25,31)
(135,1,18,24,30,36)
(136,1,6,5,4,10,16,22,28)
(137,1,12,11,10,16,22,28,34)
(138,1,23,17,11,5,4,3,2,1)
(139,1,33,27,21,15)
(140,1,32,26,20,14,8,2,3,4,5,6)
(141,1,30,24,18,12,6,5)
(142,1,7,8,14,20,26)
(143,1,3,2,8,14,20,26,32)
(144,1,22,16,10,4)
(145,1,7,13,19,25,31)
(146,1,36,30,24,18,17,16,15,14,13)
(147,1,13,19,25,31)
(148,1,17,18,24,30,36)
(149,1,21,15,9,3,2)
(150,1,28,22,16,10,4,5,6)
(151,1,31,25,19,13,7)
(152,1,3,4,10,16,22,28,34)
(153,1,29,23,17,11,10,9,8)
(154,1,35,29,23,17)
(155,1,34,28,22,16,10,4)
(156,1,18,24,30,36)
(157,1,19,13,7,1)
(158,1,17,23,29,35)
(159,1,11,10,9,15,21,27,33)
(160,1,33,27,21,15,9,3,4)
(161,1,10,9,8,7,13,19,25,31)
(162,1,5,4,10,16,22,28)
(163,1,17,18,24,30,36)
(164,1,17,23,29,35)
(165,1,6,12,18,24,30)
(166,1,31,25,19,13,7,1,2,3,4,5,6)
(167,1,19,13,7,1)
(168,1,19,13,7,1)
(169,1,4,5,6,12,18,24,30)
(170,1,15,16,17,23,29,35)
(171,1,14,15,16,17,18,24,30,36)
(172,1,9,15,21,27)
(173,1,8,9,10,11,12,18,24,30,36)
(174,1,6,5,4,3,2,1,7,13,19,25,31)
(175,1,14,15,16,22,28,34)
(176,1,12,11,10,9,15,21,27,33)
(177,1,34,28,22,16,10,4,3)
(178,1,25,19,13,7,1,2,3,4,5,6)
(179,1,22,16,10,4,3)
(180,1,15,16,17,18,24,30,36)
(181,1,30,24,18,12)
(182,1,3,4,5,11,17,23,29,35)
(183,1,6,5,4,3,2,1,7,13,19,25,31)
(184,1,7,8,9,10,11,17,23,29)
(185,1,10,11,17,23,29,35)
(186,1,35,29,23,17,11,12)
(187,1,29,23,17,11,5,4)
(188,1,13,14,20,26,32)
(189,1,20,14,8,2)
(190,1,30,24,18,12,6,5,4)
(191,1,12,18,24,30)
(192,1,11,12,18,24,30)
(193,1,4,3,9,15,21,27)
(194,1,5,4,3,2,1,7,13,19,25,31)
(195,1,29,23,17,11,10,9,8,7)
(196,1,25,19,13,7,1,2)
(197,1,26,20,14,8,2,1)
(198,1,10,11,12,18,24,30,36)
(199,1,19,13,7,1)
(200,1,7,8,9,15,21,27)
(201,1,34,28,22,16,10,11)
(202,1,22,16,10,4)
(203,1,16,17,23,29,35)
(204,1,28,22,16,10,4)
(205,1,19,13,7,1)
(206,1,36,30,24,18,17,16,15,14,13)
(207,1,6,5,11,17,23,29)
(208,1,10,11,17,23,29)
(209,1,19,13,7,1)
(210,1,19,13,7,1)
(211,1,20,14,8,2)
(212,1,3,4,5,6,12,18,24,30)
(213,1,32,26,20,14,8,9)
(214,1,17,18,24,30,36)
(215,1,2,3,4,5,6,12,18,24,30,36)
(216,1,17,23,29,35)
(217,1,18,24,30,36)
(218,1,8,7,13,19,25,31)
(219,1,22,16,10,4,3,2)
(220,1,2,3,9,15,21,27,33)
(221,1,20,14,8,2,1)
(222,1,30,24,18,12,6,5,4,3,2)
(223,1,28,22,16,10,4,5)
(224,1,6,5,4,3,9,15,21,27)
(225,1,25,19,13,7,1,2)
(226,1,14,15,16,17,18,24,30,36)
(227,1,19,13,7,1)
(228,1,4,5,11,17,23)
(229,1,35,29,23,17,16)
(230,1,30,24,18,12,11,10,9,8,7)
(231,1,29,23,17,11,5,6)
(232,1,18,24,30,36)
(233,1,9,8,7,13,19,25,31)
(234,1,8,9,15,21,27,33)
(235,1,4,3,2,1,7,13,19,25,31)
(236,1,12,18,24,30)
(237,1,20,14,8,2,1)
(238,1,2,3,4,5,6,12,18,24,30)
(239,1,28,22,16,10)
(240,1,8,14,20,26,32)
(241,1,23,17,11,5)
(242,1,30,24,18,12,11,10,9)
(243,1,22,16,10,4)
(244,1,12,18,24,30,36)
(245,1,23,17,11,5,4,3,2,1)
(246,1,15,16,17,23,29,35)
(247,1,24,18,12,6,5)
(248,1,16,17,18,24,30,36)
(249,1,12,11,10,9,8,14,20,26,32)
(250,1,30,24,18,12,11,10,9,8)
(251,1,20,14,8,2,1)
(252,1,36,30,24,18,17,16)
(253,1,28,22,16,10,4,3)
(254,1,15,16,22,28,34)
(255,1,28,22,16,10,4,3,2)
(256,1,1,2,3,4,10,16,22,28)
(257,1,21,15,9,3,2,1)
(258,1,24,18,12,6,5)
(259,1,7,8,9,10,16,22,28,34)
(260,1,9,10,16,22,28,34)
(261,1,4,3,2,1,7,13,19,25,31)
(262,1,6,12,18,24)
(263,1,12,11,10,9,8,14,20,26,32)
(264,1,33,27,21,15,9,3,2,1)
(265,1,35,29,23,17,11,5,4,3,2)
(266,1,10,9,15,21,27,33)
(267,1,28,22,16,10,9,8,7)
(268,1,19,13,7,1)
(269,1,31,25,19,13,7,1,2,3,4,5)
(270,1,34,28,22,16)
(271,1,24,18,12,6,5,4)
(272,1,25,19,13,7,1,2,3,4,5)
(273,1,9,10,16,22,28,34)
(274,1,13,14,15,16,17,18,24,30,36)
(275,1,12,11,10,16,22,28,34)
(276,1,3,4,5,6,12,18,24)
(277,1,10,9,8,7,13,19,25,31)
(278,1,23,17,11,5,4,3)
(279,1,22,16,10,4,3,2)
(280,1,28,22,16,10,4,3,2)
(281,1,15,21,27,33)
(282,1,31,25,19,13,7,1,2,3)
(283,1,18,24,30,36)
(284,1,34,28,22,16)
(285,1,1,2,3,9,15,21,27,33)
(286,1,36,30,24,18,12,6,5)
(287,1,7,8,9,10,11,17,23,29)
(288,1,18,24,30,36)
(289,1,29,23,17,11,10,9)
(290,1,18,24,30,36)
(291,1,35,29,23,17,16,15)
(292,1,2,3,4,10,16,22)
(293,1,15,16,17,23,29,35)
(294,1,9,10,16,22,28,34)
(295,1,34,28,22,16,10)
(296,1,7,8,14,20,26,32)
(297,1,15,16,22,28,34)
(298,1,3,4,5,6,12,18,24,30)
(299,1,3,4,5,11,17,23,29,35)
(300,1,17,18,24,30,36)
(301,1,8,9,15,21,27,33)
(302,1,15,16,17,23,29,35)
(303,1,22,16,10,4,3,2,1)
(304,1,34,28,22,16,10,11)
(305,1,13,14,15,16,22,28,34)
(306,1,21,15,9,3,2,1)
(307,1,32,26,20,14)
(308,1,18,24,30,36)
(309,1,21,15,9,3,2)
(310,1,19,13,7,1)
(311,1,20,14,8,2)
(312,1,6,5,4,10,16,22,28,34)
(313,1,21,15,9,3)
(314,1,1,2,3,4,5,6,12,18,24,30)
(315,1,30,24,18,12,6,5)
(316,1,22,16,10,4,3,2,1)
(317,1,6,12,18,24)
(318,1,12,11,10,9,8,7,13,19,25,31)
(319,1,27,21,15,9,3,4)
(320,1,27,21,15,9,3,2,1)
(321,1,11,17,23,29)
(322,1,33,27,21,15,14,13)
(323,1,9,15,21,27,33)
(324,1,31,25,19,13,7,8,9,10)
(325,1,10,11,17,23,29,35)
(326,1,7,13,19,25,31)
(327,1,11,17,23,29,35)
(328,1,21,15,9,3)
(329,1,10,16,22,28)
(330,1,7,8,9,10,11,17,23,29)
(331,1,36,30,24,18,12)
(332,1,33,27,21,15,9,8)
(333,1,11,12,18,24,30)
(334,1,10,11,12,18,24,30,36)
(335,1,2,3,4,10,16,22)
(336,1,19,13,7,1)
(337,1,3,4,5,11,17,23,29,35)
(338,1,6,12,18,24)
(339,1,25,19,13,7,1,2)
(340,1,10,9,8,14,20,26,32)
(341,1,13,19,25,31)
(342,1,22,16,10,4,3,2)
(343,1,30,24,18,12,11)
(344,1,33,27,21,15,9,3)
(345,1,30,24,18,12,11)
(346,1,18,24,30,36)
(347,1,25,19,13,7,1,2,3,4)
(348,1,35,29,23,17,11,10,9)
(349,1,23,17,11,5,4)
(350,1,19,13,7,1)
(351,1,29,23,17,11,10,9,8,7)
(352,1,19,13,7,1)
(353,1,29,23,17,11,10,9,8)
(354,1,13,14,15,21,27,33)
(355,1,12,11,17,23,29,35)
(356,1,4,3,9,15,21,27,33)
(357,1,18,24,30,36)
(358,1,9,10,11,17,23,29)
(359,1,18,24,30,36)
(360,1,32,26,20,14,8)
(361,1,32,26,20,14,8,9,10,11,12)
(362,1,29,23,17,11)
(363,1,33,27,21,15,9,3)
(364,1,24,18,12,6,5)
(365,1,35,29,23,17,11,5,4,3,2,1)
(366,1,2,8,14,20,26,32)
(367,1,7,8,14,20,26)
(368,1,32,26,20,14,8,9,10,11,12)
(369,1,20,14,8,2,1)
(370,1,19,13,7,1)
(371,1,36,30,24,18,12,6,5,4,3)
(372,1,19,13,7,1)
(373,1,1,2,3,4,5,11,17,23,29,35)
(374,1,11,12,18,24,30,36)
(375,1,32,26,20,14,8,2,3)
(376,1,5,4,3,2,1,7,13,19,25)
(377,1,36,30,24,18,12,6,5,4)
(378,1,12,11,10,9,15,21,27,33)
(379,1,15,16,22,28,34)
(380,1,12,11,10,9,8,7,13,19,25,31)
(381,1,8,7,13,19,25,31)
(382,1,25,19,13,7,1,2,3,4)
(383,1,9,15,21,27)
(384,1,27,21,15,9,3)
(385,1,3,9,15,21,27)
(386,1,10,9,8,7,13,19,25,31)
(387,1,7,8,14,20,26)
(388,1,11,10,16,22,28,34)
(389,1,22,16,10,4,3)
(390,1,23,17,11,5,4,3,2)
(391,1,28,22,16,10,4,3,2,1)
(392,1,30,24,18,12,11,10)
(393,1,3,9,15,21)
(394,1,30,24,18,12)
(395,1,16,17,23,29,35)
(396,1,18,24,30,36)
(397,1,26,20,14,8,2,3,4,5)
(398,1,13,19,25,31)
(399,1,19,13,7,1)
(400,1,33,27,21,15,9,8)
(401,1,19,13,7,1)
(402,1,32,26,20,14,8,7)
(403,1,17,18,24,30,36)
(404,1,14,15,16,22,28,34)
(405,1,2,3,4,10,16,22,28,34)
(406,1,26,20,14,8,2,3)
(407,1,3,2,1,7,13,19,25,31)
(408,1,21,15,9,3,2,1)
(409,1,16,17,18,24,30,36)
(410,1,27,21,15,9,3,4,5)
(411,1,30,24,18,12,6,5,4)
(412,1,14,20,26,32)
(413,1,10,9,8,14,20,26,32)
(414,1,33,27,21,15,14,13)
(415,1,19,13,7,1)
(416,1,9,10,16,22,28)
(417,1,18,24,30,36)
(418,1,17,23,29,35)
(419,1,16,17,18,24,30,36)
(420,1,18,24,30,36)
(421,1,9,10,11,12,18,24,30)
(422,1,24,18,12,6,5,4,3)
(423,1,17,23,29,35)
(424,1,26,20,14,8)
(425,1,13,14,15,16,17,23,29,35)
(426,1,32,26,20,14,8,2,3,4,5)
(427,1,32,26,20,14,8,9,10,11,12)
(428,1,8,9,15,21,27,33)
(429,1,14,15,16,22,28,34)
(430,1,6,12,18,24,30,36)
(431,1,31,25,19,13,7,8,9,10)
(432,1,26,20,14,8)
(433,1,18,24,30,36)
(434,1,2,3,4,5,6,12,18,24,30,36)
(435,1,21,15,9,3)
(436,1,7,8,14,20,26)
(437,1,33,27,21,15,9)
(438,1,4,5,11,17,23,29,35)
(439,1,23,17,11,5,4)
(440,1,22,16,10,4,3,2)
(441,1,5,4,3,2,1,7,13,19,25)
(442,1,22,16,10,4)
(443,1,29,23,17,11,10,9,8,7)
(444,1,33,27,21,15,9,3,4,5)
(445,1,18,24,30,36)
(446,1,32,26,20,14,13)
(447,1,26,20,14,8,2)
(448,1,11,17,23,29)
(449,1,25,19,13,7,1)
(450,1,26,20,14,8,2,3,4)
(451,1,33,27,21,15,9,3,4)
(452,1,14,15,16,17,23,29,35)
(453,1,33,27,21,15,9,3,2)
(454,1,8,9,10,11,12,18,24,30)
(455,1,11,10,9,8,7,13,19,25,31)
(456,1,11,12,18,24,30)
(457,1,8,9,15,21,27)
(458,1,35,29,23,17,16)
(459,1,13,14,15,16,22,28,34)
(460,1,11,17,23,29,35)
(461,1,35,29,23,17,11,10,9,8,7)
(462,1,3,9,15,21)
(463,1,15,16,22,28,34)
(464,1,13,14,15,16,22,28,34)
(465,1,23,17,11,5,4,3)
(466,1,7,8,14,20,26)
(467,1,7,8,14,20,26)
(468,1,35,29,23,17,11,10,9,8)
(469,1,30,24,18,12,6,5,4,3,2)
(470,1,17,18,24,30,36)
(471,1,25,19,13,7,1)
(472,1,28,22,16,10,4)
(473,1,27,21,15,9,8)
(474,1,16,22,28,34)
(475,1,19,13,7,1)
(476,1,7,8,9,10,11,12,18,24,30,36)
(477,1,13,14,15,21,27,33)
(478,1,34,28,22,16,10,4,3,2)
(479,1,11,12,18,24,30,36)
(480,1,24,18,12,6)
(481,1,36,30,24,18,17,16,15,14,13)
(482,1,5,6,12,18,24,30,36)
(483,1,3,4,10,16,22)
(484,1,12,11,10,9,8,7,13,19,25,31)
(485,1,9,10,11,17,23,29,35)
(486,1,33,27,21,15,9,10,11,12)
(487,1,16,17,23,29,35)
(488,1,14,15,16,22,28,34)
(489,1,4,5,6,12,18,24)
(490,1,27,21,15,9,3,2)
(491,1,36,30,24,18,12,6,5,4,3,2)
(492,1,3,2,8,14,20,26,32)
(493,1,19,13,7,1)
(494,1,12,11,17,23,29,35)
(495,1,35,29,23,17,16,15)
(496,1,33,27,21,15,9,10,11,12)
(497,1,27,21,15,9,3,4)
(498,1,23,17,11,5,4,3,2,1)
(499,1,11,10,16,22,28,34)
(500,1,25,19,13,7,1,2,3,4)
(501,1,17,18,24,30,36)
(502,1,20,14,8,2)
(503,1,17,18,24,30,36)
(504,1,1,2,3,4,10,16,22,28)
(505,1,32,26,20,14,13)
(506,1,11,10,16,22,28,34)
(507,1,27,21,15,9,3,4,5,6)
(508,1,22,16,10,4,3,2,1)
(509,1,2,8,14,20)
(510,1,28,22,16,10,9,8,7)
(511,1,13,14,15,16,17,23,29,35)
(10000,1,11,17,23,29,35)
(1,1,26,20,14,8,2,3)
(2,1,14,15,16,17,23,29,35)
(3,1,32,26,20,14,13)
(4,1,4,5,11,17,23)
(5,1,27,21,15,9,3,4,5)
(6,1,14,20,26,32)
(7,1,8,9,10,11,12,18,24,30)
(8,1,5,4,3,2,8,14,20,26)
(9,1,32,26,20,14,8,9,10,11,12)
(10,1,4,3,2,1,7,13,19,25,31)
(11,1,30,24,18,12,6,5,4,3)
(12,1,27,21,15,9,3,2)
(13,1,34,28,22,16,10,9,8,7)
(14,1,10,16,22,28,34)
(15,1,20,14,8,2,1)
(16,1,23,17,11,5,4,3)
(17,1,31,25,19,13,7,8,9,10,11)
(18,1,14,15,16,17,18,24,30,36)
(19,1,16,17,18,24,30,36)
(20,1,30,24,18,12,6,5,4)
(21,1,32,26,20,14,8,2,3,4)
(22,1,18,24,30,36)
(23,1,33,27,21,15,9,3,2,1)
(24,1,32,26,20,14,8,9,10,11,12)
(25,1,19,13,7,1)
(26,1,36,30,24,18)
(27,1,26,20,14,8)
(28,1,27,21,15,9,3,4)
(29,1,31,25,19,13,7,8,9,10,11)
(30,1,7,8,9,10,11,12,18,24,30,36)
(31,1,19,13,7,1)
(32,1,25,19,13,7,1,2)
(33,1,22,16,10,4)
(34,1,17,23,29,35)
(35,1,36,30,24,18,12)
(36,1,17,18,24,30,36)
(37,1,23,17,11,5,4)
(38,1,8,9,10,16,22,28,34)
(39,1,10,9,8,14,20,26,32)
(40,1,18,24,30,36)
(41,1,11,10,16,22,28,34)
(42,1,7,8,9,10,11,12,18,24,30)
(43,1,9,10,11,17,23,29,35)
(44,1,31,25,19,13,7,1,2,3,4,5)
(45,1,18,24,30,36)
(46,1,14,15,16,17,23,29,35)
(47,1,8,9,10,11,12,18,24,30)
(48,1,10,11,17,23,29,35)
(49,1,26,20,14,8,2,3,4,5,6)
(50,1,28,22,16,10,4,3)
(51,1,7,13,19,25,31)
(52,1,17,23,29,35)
(53,1,2,3,9,15,21)
(54,1,19,13,7,1)
(55,1,31,25,19,13,7,1)
(56,1,6,12,18,24,30)
(57,1,24,18,12,6,5,4,3)
(58,1,8,9,10,16,22,28,34)
(59,1,34,28,22,16,10,4,3,2)
(60,1,33,27,21,15,9,3,4,5,6)
(61,1,5,6,12,18,24,30,36)
(62,1,5,4,3,2,1,7,13,19,25)
(63,1,19,13,7,1)
(64,1,27,21,15,9,8)
(65,1,13,19,25,31)
(66,1,32,26,20,14,8,9,10,11,12)
(67,1,29,23,17,11,5,4,3,2,1)
(68,1,29,23,17,11,10,9,8,7)
(69,1,25,19,13,7,1,2,3,4,5)
(70,1,20,14,8,2,1)
(71,1,31,25,19,13,7,8,9,10)
(72,1,8,9,15,21,27)
(73,1,1,2,3,4,5,11,17,23,29)
(74,1,22,16,10,4,3,2)
(75,1,23,17,11,5,4,3)
(76,1,20,14,8,2)
(77,1,29,23,17,11,5,4,3,2)
(78,1,4,5,6,12,18,24,30)
(79,1,15,21,27,33)
(80,1,32,26,20,14,8,2,1)
(81,1,35,29,23,17,16,15,14,13)
(82,1,13,14,15,16,17,23,29,35)
(83,1,35,29,23,17,11,10)
(84,1,3,4,5,6,12,18,24,30,36)
(85,1,16,17,23,29,35)
(86,1,26,20,14,8)
(87,1,10,11,12,18,24,30,36)
(88,1,12,18,24,30)
(89,1,26,20,14,8,2,3)
(90,1,16,17,18,24,30,36)
(91,1,30,24,18,12,11,10)
(92,1,6,5,4,3,2,1,7,13,19,25,31)
(93,1,12,11,10,9,8,14,20,26,32)
(94,1,28,22,16,10,4,3,2,1)
(95,1,31,25,19,13,7,8,9,10,11,12)
(96,1,27,21,15,9,3,4,5,6)
(97,1,18,24,30,36)
(98,1,33,27,21,15,9,3,4)
(99,1,8,14,20,26)
(100,1,8,9,15,21,27)
(101,1,34,28,22,16,10,4,3)
(102,1,15,16,17,23,29,35)
(103,1,22,16,10,4,3,2)
(104,1,32,26,20,14,8,2,3,4,5,6)
(105,1,36,30,24,18,12,11,10)
(106,1,7,8,9,10,16,22,28,34)
(107,1,19,13,7,1)
(108,1,32,26,20,14)
(109,1,27,21,15,9)
(110,1,8,9,10,16,22,28,34)
(111,1,33,27,21,15,14)
(112,1,1,2,3,4,5,11,17,23)
(113,1,8,14,20,26,32)
(114,1,31,25,19,13,7,8,9)
(115,1,32,26,20,14,8,2,3)
(116,1,16,17,23,29,35)
(117,1,12,11,17,23,29,35)
(118,1,10,11,12,18,24,30)
(119,1,7,8,9,10,16,22,28,34)
(120,1,36,30,24,18,12,11,10,9,8)
(121,1,21,15,9,3,2,1)
(122,1,5,4,10,16,22,28)
(123,1,33,27,21,15,9,3,2,1)
(124,1,6,5,11,17,23,29,35)
(125,1,6,5,11,17,23,29)
(126,1,5,6,12,18,24,30,36)
(127,1,6,5,4,3,2,1,7,13,19,25,31)
(128,1,8,9,10,11,17,23,29,35)
(129,1,19,13,7,1)
(130,1,25,19,13,7)
(131,1,28,22,16,10,9)
(132,1,16,22,28,34)
(133,1,8,9,10,11,12,18,24,30)
(134,1,2,1,7,13,19,25,31)
(135,1,18,24,30,36)
(136,1,6,5,4,10,16,22,28)
(137,1,12,11,10,16,22,28,34)
(138,1,23,17,11,5,4,3,2,1)
(139,1,33,27,21,15)
(140,1,32,26,20,14,8,2,3,4,5,6)
(141,1,30,24,18,12,6,5)
(142,1,7,8,14,20,26)
(143,1,3,2,8,14,20,26,32)
(144,1,22,16,10,4)
(145,1,7,13,19,25,31)
(146,1,36,30,24,18,17,16,15,14,13)
(147,1,13,19,25,31)
(148,1,17,18,24,30,36)
(149,1,21,15,9,3,2)
(150,1,28,22,16,10,4,5,6)
(151,1,31,25,19,13,7)
(152,1,3,4,10,16,22,28,34)
(153,1,29,23,17,11,10,9,8)
(154,1,35,29,23,17)
(155,1,34,28,22,16,10,4)
(156,1,18,24,30,36)
(157,1,19,13,7,1)
(158,1,17,23,29,35)
(159,1,11,10,9,15,21,27,33)
(160,1,33,27,21,15,9,3,4)
(161,1,10,9,8,7,13,19,25,31)
(162,1,5,4,10,16,22,28)
(163,1,17,18,24,30,36)
(164,1,17,23,29,35)
(165,1,6,12,18,24,30)
(166,1,31,25,19,13,7,1,2,3,4,5,6)
(167,1,19,13,7,1)
(168,1,19,13,7,1)
(169,1,4,5,6,12,18,24,30)
(170,1,15,16,17,23,29,35)
(171,1,14,15,16,17,18,24,30,36)
(172,1,9,15,21,27)
(173,1,8,9,10,11,12,18,24,30,36)
(174,1,6,5,4,3,2,1,7,13,19,25,31)
(175,1,14,15,16,22,28,34)
(176,1,12,11,10,9,15,21,27,33)
(177,1,34,28,22,16,10,4,3)
(178,1,25,19,13,7,1,2,3,4,5,6)
(179,1,22,16,10,4,3)
(180,1,15,16,17,18,24,30,36)
(181,1,30,24,18,12)
(182,1,3,4,5,11,17,23,29,35)
(183,1,6,5,4,3,2,1,7,13,19,25,31)
(184,1,7,8,9,10,11,17,23,29)
(185,1,10,11,17,23,29,35)
(186,1,35,29,23,17,11,12)
(187,1,29,23,17,11,5,4)
(188,1,13,14,20,26,32)
(189,1,20,14,8,2)
(190,1,30,24,18,12,6,5,4)
(191,1,12,18,24,30)
(192,1,11,12,18,24,30)
(193,1,4,3,9,15,21,27)
(194,1,5,4,3,2,1,7,13,19,25,31)
(195,1,29,23,17,11,10,9,8,7)
(196,1,25,19,13,7,1,2)
(197,1,26,20,14,8,2,1)
(198,1,10,11,12,18,24,30,36)
(199,1,19,13,7,1)
(200,1,7,8,9,15,21,27)
(201,1,34,28,22,16,10,11)
(202,1,22,16,10,4)
(203,1,16,17,23,29,35)
(204,1,28,22,16,10,4)
(205,1,19,13,7,1)
(206,1,36,30,24,18,17,16,15,14,13)
(207,1,6,5,11,17,23,29)
(208,1,10,11,17,23,29)
(209,1,19,13,7,1)
(210,1,19,13,7,1)
(211,1,20,14,8,2)
(212,1,3,4,5,6,12,18,24,30)
(213,1,32,26,20,14,8,9)
(214,1,17,18,24,30,36)
(215,1,2,3,4,5,6,12,18,24,30,36)
(216,1,17,23,29,35)
(217,1,18,24,30,36)
(218,1,8,7,13,19,25,31)
(219,1,22,16,10,4,3,2)
(220,1,2,3,9,15,21,27,33)
(221,1,20,14,8,2,1)
(222,1,30,24,18,12,6,5,4,3,2)
(223,1,28,22,16,10,4,5)
(224,1,6,5,4,3,9,15,21,27)
(225,1,25,19,13,7,1,2)
(226,1,14,15,16,17,18,24,30,36)
(227,1,19,13,7,1)
(228,1,4,5,11,17,23)
(229,1,35,29,23,17,16)
(230,1,30,24,18,12,11,10,9,8,7)
(231,1,29,23,17,11,5,6)
(232,1,18,24,30,36)
(233,1,9,8,7,13,19,25,31)
(234,1,8,9,15,21,27,33)
(235,1,4,3,2,1,7,13,19,25,31)
(236,1,12,18,24,30)
(237,1,20,14,8,2,1)
(238,1,2,3,4,5,6,12,18,24,30)
(239,1,28,22,16,10)
(240,1,8,14,20,26,32)
(241,1,23,17,11,5)
(242,1,30,24,18,12,11,10,9)
(243,1,22,16,10,4)
(244,1,12,18,24,30,36)
(245,1,23,17,11,5,4,3,2,1)
(246,1,15,16,17,23,29,35)
(247,1,24,18,12,6,5)
(248,1,16,17,18,24,30,36)
(249,1,12,11,10,9,8,14,20,26,32)
(250,1,30,24,18,12,11,10,9,8)
(251,1,20,14,8,2,1)
(252,1,36,30,24,18,17,16)
(253,1,28,22,16,10,4,3)
(254,1,15,16,22,28,34)
(255,1,28,22,16,10,4,3,2)
(256,1,1,2,3,4,10,16,22,28)
(257,1,21,15,9,3,2,1)
(258,1,24,18,12,6,5)
(259,1,7,8,9,10,16,22,28,34)
(260,1,9,10,16,22,28,34)
(261,1,4,3,2,1,7,13,19,25,31)
(262,1,6,12,18,24)
(263,1,12,11,10,9,8,14,20,26,32)
(264,1,33,27,21,15,9,3,2,1)
(265,1,35,29,23,17,11,5,4,3,2)
(266,1,10,9,15,21,27,33)
(267,1,28,22,16,10,9,8,7)
(268,1,19,13,7,1)
(269,1,31,25,19,13,7,1,2,3,4,5)
(270,1,34,28,22,16)
(271,1,24,18,12,6,5,4)
(272,1,25,19,13,7,1,2,3,4,5)
(273,1,9,10,16,22,28,34)
(274,1,13,14,15,16,17,18,24,30,36)
(275,1,12,11,10,16,22,28,34)
(276,1,3,4,5,6,12,18,24)
(277,1,10,9,8,7,13,19,25,31)
(278,1,23,17,11,5,4,3)
(279,1,22,16,10,4,3,2)
(280,1,28,22,16,10,4,3,2)
(281,1,15,21,27,33)
(282,1,31,25,19,13,7,1,2,3)
(283,1,18,24,30,36)
(284,1,34,28,22,16)
(285,1,1,2,3,9,15,21,27,33)
(286,1,36,30,24,18,12,6,5)
(287,1,7,8,9,10,11,17,23,29)
(288,1,18,24,30,36)
(289,1,29,23,17,11,10,9)
(290,1,18,24,30,36)
(291,1,35,29,23,17,16,15)
(292,1,2,3,4,10,16,22)
(293,1,15,16,17,23,29,35)
(294,1,9,10,16,22,28,34)
(295,1,34,28,22,16,10)
(296,1,7,8,14,20,26,32)
(297,1,15,16,22,28,34)
(298,1,3,4,5,6,12,18,24,30)
(299,1,3,4,5,11,17,23,29,35)
(300,1,17,18,24,30,36)
(301,1,8,9,15,21,27,33)
(302,1,15,16,17,23,29,35)
(303,1,22,16,10,4,3,2,1)
(304,1,34,28,22,16,10,11)
(305,1,13,14,15,16,22,28,34)
(306,1,21,15,9,3,2,1)
(307,1,32,26,20,14)
(308,1,18,24,30,36)
(309,1,21,15,9,3,2)
(310,1,19,13,7,1)
(311,1,20,14,8,2)
(312,1,6,5,4,10,16,22,28,34)
(313,1,21,15,9,3)
(314,1,1,2,3,4,5,6,12,18,24,30)
(315,1,30,24,18,12,6,5)
(316,1,22,16,10,4,3,2,1)
(317,1,6,12,18,24)
(318,1,12,11,10,9,8,7,13,19,25,31)
(319,1,27,21,15,9,3,4)
(320,1,27,21,15,9,3,2,1)
(321,1,11,17,23,29)
(322,1,33,27,21,15,14,13)
(323,1,9,15,21,27,33)
(324,1,31,25,19,13,7,8,9,10)
(325,1,10,11,17,23,29,35)
(326,1,7,13,19,25,31)
(327,1,11,17,23,29,35)
(328,1,21,15,9,3)
(329,1,10,16,22,28)
(330,1,7,8,9,10,11,17,23,29)
(331,1,36,30,24,18,12)
(332,1,33,27,21,15,9,8)
(333,1,11,12,18,24,30)
(334,1,10,11,12,18,24,30,36)
(335,1,2,3,4,10,16,22)
(336,1,19,13,7,1)
(337,1,3,4,5,11,17,23,29,35)
(338,1,6,12,18,24)
(339,1,25,19,13,7,1,2)
(340,1,10,9,8,14,20,26,32)
(341,1,13,19,25,31)
(342,1,22,16,10,4,3,2)
(343,1,30,24,18,12,11)
(344,1,33,27,21,15,9,3)
(345,1,30,24,18,12,11)
(346,1,18,24,30,36)
(347,1,25,19,13,7,1,2,3,4)
(348,1,35,29,23,17,11,10,9)
(349,1,23,17,11,5,4)
(350,1,19,13,7,1)
(351,1,29,23,17,11,10,9,8,7)
(352,1,19,13,7,1)
(353,1,29,23,17,11,10,9,8)
(354,1,13,14,15,21,27,33)
(355,1,12,11,17,23,29,35)
(356,1,4,3,9,15,21,27,33)
(357,1,18,24,30,36)
(358,1,9,10,11,17,23,29)
(359,1,18,24,30,36)
(360,1,32,26,20,14,8)
(361,1,32,26,20,14,8,9,10,11,12)
(362,1,29,23,17,11)
(363,1,33,27,21,15,9,3)
(364,1,24,18,12,6,5)
(365,1,35,29,23,17,11,5,4,3,2,1)
(366,1,2,8,14,20,26,32)
(367,1,7,8,14,20,26)
(368,1,32,26,20,14,8,9,10,11,12)
(369,1,20,14,8,2,1)
(370,1,19,13,7,1)
(371,1,36,30,24,18,12,6,5,4,3)
(372,1,19,13,7,1)
(373,1,1,2,3,4,5,11,17,23,29,35)
(374,1,11,12,18,24,30,36)
(375,1,32,26,20,14,8,2,3)
(376,1,5,4,3,2,1,7,13,19,25)
(377,1,36,30,24,18,12,6,5,4)
(378,1,12,11,10,9,15,21,27,33)
(379,1,15,16,22,28,34)
(380,1,12,11,10,9,8,7,13,19,25,31)
(381,1,8,7,13,19,25,31)
(382,1,25,19,13,7,1,2,3,4)
(383,1,9,15,21,27)
(384,1,27,21,15,9,3)
(385,1,3,9,15,21,27)
(386,1,10,9,8,7,13,19,25,31)
(387,1,7,8,14,20,26)
(388,1,11,10,16,22,28,34)
(389,1,22,16,10,4,3)
(390,1,23,17,11,5,4,3,2)
(391,1,28,22,16,10,4,3,2,1)
(392,1,30,24,18,12,11,10)
(393,1,3,9,15,21)
(394,1,30,24,18,12)
(395,1,16,17,23,29,35)
(396,1,18,24,30,36)
(397,1,26,20,14,8,2,3,4,5)
(398,1,13,19,25,31)
(399,1,19,13,7,1)
(400,1,33,27,21,15,9,8)
(401,1,19,13,7,1)
(402,1,32,26,20,14,8,7)
(403,1,17,18,24,30,36)
(404,1,14,15,16,22,28,34)
(405,1,2,3,4,10,16,22,28,34)
(406,1,26,20,14,8,2,3)
(407,1,3,2,1,7,13,19,25,31)
(408,1,21,15,9,3,2,1)
(409,1,16,17,18,24,30,36)
(410,1,27,21,15,9,3,4,5)
(411,1,30,24,18,12,6,5,4)
(412,1,14,20,26,32)
(413,1,10,9,8,14,20,26,32)
(414,1,33,27,21,15,14,13)
(415,1,19,13,7,1)
(416,1,9,10,16,22,28)
(417,1,18,24,30,36)
(418,1,17,23,29,35)
(419,1,16,17,18,24,30,36)
(420,1,18,24,30,36)
(421,1,9,10,11,12,18,24,30)
(422,1,24,18,12,6,5,4,3)
(423,1,17,23,29,35)
(424,1,26,20,14,8)
(425,1,13,14,15,16,17,23,29,35)
(426,1,32,26,20,14,8,2,3,4,5)
(427,1,32,26,20,14,8,9,10,11,12)
(428,1,8,9,15,21,27,33)
(429,1,14,15,16,22,28,34)
(430,1,6,12,18,24,30,36)
(431,1,31,25,19,13,7,8,9,10)
(432,1,26,20,14,8)
(433,1,18,24,30,36)
(434,1,2,3,4,5,6,12,18,24,30,36)
(435,1,21,15,9,3)
(436,1,7,8,14,20,26)
(437,1,33,27,21,15,9)
(438,1,4,5,11,17,23,29,35)
(439,1,23,17,11,5,4)
(440,1,22,16,10,4,3,2)
(441,1,5,4,3,2,1,7,13,19,25)
(442,1,22,16,10,4)
(443,1,29,23,17,11,10,9,8,7)
(444,1,33,27,21,15,9,3,4,5)
(445,1,18,24,30,36)
(446,1,32,26,20,14,13)
(447,1,26,20,14,8,2)
(448,1,11,17,23,29)
(449,1,25,19,13,7,1)
(450,1,26,20,14,8,2,3,4)
(451,1,33,27,21,15,9,3,4)
(452,1,14,15,16,17,23,29,35)
(453,1,33,27,21,15,9,3,2)
(454,1,8,9,10,11,12,18,24,30)
(455,1,11,10,9,8,7,13,19,25,31)
(456,1,11,12,18,24,30)
(457,1,8,9,15,21,27)
(458,1,35,29,23,17,16)
(459,1,13,14,15,16,22,28,34)
(460,1,11,17,23,29,35)
(461,1,35,29,23,17,11,10,9,8,7)
(462,1,3,9,15,21)
(463,1,15,16,22,28,34)
(464,1,13,14,15,16,22,28,34)
(465,1,23,17,11,5,4,3)
(466,1,7,8,14,20,26)
(467,1,7,8,14,20,26)
(468,1,35,29,23,17,11,10,9,8)
(469,1,30,24,18,12,6,5,4,3,2)
(470,1,17,18,24,30,36)
(471,1,25,19,13,7,1)
(472,1,28,22,16,10,4)
(473,1,27,21,15,9,8)
(474,1,16,22,28,34)
(475,1,19,13,7,1)
(476,1,7,8,9,10,11,12,18,24,30,36)
(477,1,13,14,15,21,27,33)
(478,1,34,28,22,16,10,4,3,2)
(479,1,11,12,18,24,30,36)
(480,1,24,18,12,6)
(481,1,36,30,24,18,17,16,15,14,13)
(482,1,5,6,12,18,24,30,36)
(483,1,3,4,10,16,22)
(484,1,12,11,10,9,8,7,13,19,25,31)
(485,1,9,10,11,17,23,29,35)
(486,1,33,27,21,15,9,10,11,12)
(487,1,16,17,23,29,35)
(488,1,14,15,16,22,28,34)
(489,1,4,5,6,12,18,24)
(490,1,27,21,15,9,3,2)
(491,1,36,30,24,18,12,6,5,4,3,2)
(492,1,3,2,8,14,20,26,32)
(493,1,19,13,7,1)
(494,1,12,11,17,23,29,35)
(495,1,35,29,23,17,16,15)
(496,1,33,27,21,15,9,10,11,12)
(497,1,27,21,15,9,3,4)
(498,1,23,17,11,5,4,3,2,1)
(499,1,11,10,16,22,28,34)
(500,1,25,19,13,7,1,2,3,4)
(501,1,17,18,24,30,36)
(502,1,20,14,8,2)
(503,1,17,18,24,30,36)
(504,1,1,2,3,4,10,16,22,28)
(505,1,32,26,20,14,13)
(506,1,11,10,16,22,28,34)
(507,1,27,21,15,9,3,4,5,6)
(508,1,22,16,10,4,3,2,1)
(509,1,2,8,14,20)
(510,1,28,22,16,10,9,8,7)
(511,1,13,14,15,16,17,23,29,35)
(10000,1,11,17,23,29,35)
(1,1,26,20,14,8,2,3)
(2,1,14,15,16,17,23,29,35)
(3,1,32,26,20,14,13)
(4,1,4,5,11,17,23)
(5,1,27,21,15,9,3,4,5)
(6,1,14,20,26,32)
(7,1,8,9,10,11,12,18,24,30)
(8,1,5,4,3,2,8,14,20,26)
(9,1,32,26,20,14,8,9,10,11,12)
(10,1,4,3,2,1,7,13,19,25,31)
(11,1,30,24,18,12,6,5,4,3)
(12,1,27,21,15,9,3,2)
(13,1,34,28,22,16,10,9,8,7)
(14,1,10,16,22,28,34)
(15,1,20,14,8,2,1)
(16,1,23,17,11,5,4,3)
(17,1,31,25,19,13,7,8,9,10,11)
(18,1,14,15,16,17,18,24,30,36)
(19,1,16,17,18,24,30,36)
(20,1,30,24,18,12,6,5,4)
(21,1,32,26,20,14,8,2,3,4)
(22,1,18,24,30,36)
(23,1,33,27,21,15,9,3,2,1)
(24,1,32,26,20,14,8,9,10,11,12)
(25,1,19,13,7,1)
(26,1,36,30,24,18)
(27,1,26,20,14,8)
(28,1,27,21,15,9,3,4)
(29,1,31,25,19,13,7,8,9,10,11)
(30,1,7,8,9,10,11,12,18,24,30,36)
(31,1,19,13,7,1)
(32,1,25,19,13,7,1,2)
(33,1,22,16,10,4)
(34,1,17,23,29,35)
(35,1,36,30,24,18,12)
(36,1,17,18,24,30,36)
(37,1,23,17,11,5,4)
(38,1,8,9,10,16,22,28,34)
(39,1,10,9,8,14,20,26,32)
(40,1,18,24,30,36)
(41,1,11,10,16,22,28,34)
(42,1,7,8,9,10,11,12,18,24,30)
(43,1,9,10,11,17,23,29,35)
(44,1,31,25,19,13,7,1,2,3,4,5)
(45,1,18,24,30,36)
(46,1,14,15,16,17,23,29,35)
(47,1,8,9,10,11,12,18,24,30)
(48,1,10,11,17,23,29,35)
(49,1,26,20,14,8,2,3,4,5,6)
(50,1,28,22,16,10,4,3)
(51,1,7,13,19,25,31)
(52,1,17,23,29,35)
(53,1,2,3,9,15,21)
(54,1,19,13,7,1)
(55,1,31,25,19,13,7,1)
(56,1,6,12,18,24,30)
(57,1,24,18,12,6,5,4,3)
(58,1,8,9,10,16,22,28,34)
(59,1,34,28,22,16,10,4,3,2)
(60,1,33,27,21,15,9,3,4,5,6)
(61,1,5,6,12,18,24,30,36)
(62,1,5,4,3,2,1,7,13,19,25)
(63,1,19,13,7,1)
(64,1,27,21,15,9,8)
(65,1,13,19,25,31)
(66,1,32,26,20,14,8,9,10,11,12)
(67,1,29,23,17,11,5,4,3,2,1)
(68,1,29,23,17,11,10,9,8,7)
(69,1,25,19,13,7,1,2,3,4,5)
(70,1,20,14,8,2,1)
(71,1,31,25,19,13,7,8,9,10)
(72,1,8,9,15,21,27)
(73,1,1,2,3,4,5,11,17,23,29)
(74,1,22,16,10,4,3,2)
(75,1,23,17,11,5,4,3)
(76,1,20,14,8,2)
(77,1,29,23,17,11,5,4,3,2)
(78,1,4,5,6,12,18,24,30)
(79,1,15,21,27,33)
(80,1,32,26,20,14,8,2,1)
(81,1,35,29,23,17,16,15,14,13)
(82,1,13,14,15,16,17,23,29,35)
(83,1,35,29,23,17,11,10)
(84,1,3,4,5,6,12,18,24,30,36)
(85,1,16,17,23,29,35)
(86,1,26,20,14,8)
(87,1,10,11,12,18,24,30,36)
(88,1,12,18,24,30)
(89,1,26,20,14,8,2,3)
(90,1,16,17,18,24,30,36)
(91,1,30,24,18,12,11,10)
(92,1,6,5,4,3,2,1,7,13,19,25,31)
(93,1,12,11,10,9,8,14,20,26,32)
(94,1,28,22,16,10,4,3,2,1)
(95,1,31,25,19,13,7,8,9,10,11,12)
(96,1,27,21,15,9,3,4,5,6)
(97,1,18,24,30,36)
(98,1,33,27,21,15,9,3,4)
(99,1,8,14,20,26)
(100,1,8,9,15,21,27)
(101,1,34,28,22,16,10,4,3)
(102,1,15,16,17,23,29,35)
(103,1,22,16,10,4,3,2)
(104,1,32,26,20,14,8,2,3,4,5,6)
(105,1,36,30,24,18,12,11,10)
(106,1,7,8,9,10,16,22,28,34)
(107,1,19,13,7,1)
(108,1,32,26,20,14)
(109,1,27,21,15,9)
(110,1,8,9,10,16,22,28,34)
(111,1,33,27,21,15,14)
(112,1,1,2,3,4,5,11,17,23)
(113,1,8,14,20,26,32)
(114,1,31,25,19,13,7,8,9)
(115,1,32,26,20,14,8,2,3)
(116,1,16,17,23,29,35)
(117,1,12,11,17,23,29,35)
(118,1,10,11,12,18,24,30)
(119,1,7,8,9,10,16,22,28,34)
(120,1,36,30,24,18,12,11,10,9,8)
(121,1,21,15,9,3,2,1)
(122,1,5,4,10,16,22,28)
(123,1,33,27,21,15,9,3,2,1)
(124,1,6,5,11,17,23,29,35)
(125,1,6,5,11,17,23,29)
(126,1,5,6,12,18,24,30,36)
(127,1,6,5,4,3,2,1,7,13,19,25,31)
(128,1,8,9,10,11,17,23,29,35)
(129,1,19,13,7,1)
(130,1,25,19,13,7)
(131,1,28,22,16,10,9)
(132,1,16,22,28,34)
(133,1,8,9,10,11,12,18,24,30)
(134,1,2,1,7,13,19,25,31)
(135,1,18,24,30,36)
(136,1,6,5,4,10,16,22,28)
(137,1,12,11,10,16,22,28,34)
(138,1,23,17,11,5,4,3,2,1)
(139,1,33,27,21,15)
(140,1,32,26,20,14,8,2,3,4,5,6)
(141,1,30,24,18,12,6,5)
(142,1,7,8,14,20,26)
(143,1,3,2,8,14,20,26,32)
(144,1,22,16,10,4)
(145,1,7,13,19,25,31)
(146,1,36,30,24,18,17,16,15,14,13)
(147,1,13,19,25,31)
(148,1,17,18,24,30,36)
(149,1,21,15,9,3,2)
(150,1,28,22,16,10,4,5,6)
(151,1,31,25,19,13,7)
(152,1,3,4,10,16,22,28,34)
(153,1,29,23,17,11,10,9,8)
(154,1,35,29,23,17)
(155,1,34,28,22,16,10,4)
(156,1,18,24,30,36)
(157,1,19,13,7,1)
(158,1,17,23,29,35)
(159,1,11,10,9,15,21,27,33)
(160,1,33,27,21,15,9,3,4)
(161,1,10,9,8,7,13,19,25,31)
(162,1,5,4,10,16,22,28)
(163,1,17,18,24,30,36)
(164,1,17,23,29,35)
(165,1,6,12,18,24,30)
(166,1,31,25,19,13,7,1,2,3,4,5,6)
(167,1,19,13,7,1)
(168,1,19,13,7,1)
(169,1,4,5,6,12,18,24,30)
(170,1,15,16,17,23,29,35)
(171,1,14,15,16,17,18,24,30,36)
(172,1,9,15,21,27)
(173,1,8,9,10,11,12,18,24,30,36)
(174,1,6,5,4,3,2,1,7,13,19,25,31)
(175,1,14,15,16,22,28,34)
(176,1,12,11,10,9,15,21,27,33)
(177,1,34,28,22,16,10,4,3)
(178,1,25,19,13,7,1,2,3,4,5,6)
(179,1,22,16,10,4,3)
(180,1,15,16,17,18,24,30,36)
(181,1,30,24,18,12)
(182,1,3,4,5,11,17,23,29,35)
(183,1,6,5,4,3,2,1,7,13,19,25,31)
(184,1,7,8,9,10,11,17,23,29)
(185,1,10,11,17,23,29,35)
(186,1,35,29,23,17,11,12)
(187,1,29,23,17,11,5,4)
(188,1,13,14,20,26,32)
(189,1,20,14,8,2)
(190,1,30,24,18,12,6,5,4)
(191,1,12,18,24,30)
(192,1,11,12,18,24,30)
(193,1,4,3,9,15,21,27)
(194,1,5,4,3,2,1,7,13,19,25,31)
(195,1,29,23,17,11,10,9,8,7)
(196,1,25,19,13,7,1,2)
(197,1,26,20,14,8,2,1)
(198,1,10,11,12,18,24,30,36)
(199,1,19,13,7,1)
(200,1,7,8,9,15,21,27)
(201,1,34,28,22,16,10,11)
(202,1,22,16,10,4)
(203,1,16,17,23,29,35)
(204,1,28,22,16,10,4)
(205,1,19,13,7,1)
(206,1,36,30,24,18,17,16,15,14,13)
(207,1,6,5,11,17,23,29)
(208,1,10,11,17,23,29)
(209,1,19,13,7,1)
(210,1,19,13,7,1)
(211,1,20,14,8,2)
(212,1,3,4,5,6,12,18,24,30)
(213,1,32,26,20,14,8,9)
(214,1,17,18,24,30,36)
(215,1,2,3,4,5,6,12,18,24,30,36)
(216,1,17,23,29,35)
(217,1,18,24,30,36)
(218,1,8,7,13,19,25,31)
(219,1,22,16,10,4,3,2)
(220,1,2,3,9,15,21,27,33)
(221,1,20,14,8,2,1)
(222,1,30,24,18,12,6,5,4,3,2)
(223,1,28,22,16,10,4,5)
(224,1,6,5,4,3,9,15,21,27)
(225,1,25,19,13,7,1,2)
(226,1,14,15,16,17,18,24,30,36)
(227,1,19,13,7,1)
(228,1,4,5,11,17,23)
(229,1,35,29,23,17,16)
(230,1,30,24,18,12,11,10,9,8,7)
(231,1,29,23,17,11,5,6)
(232,1,18,24,30,36)
(233,1,9,8,7,13,19,25,31)
(234,1,8,9,15,21,27,33)
(235,1,4,3,2,1,7,13,19,25,31)
(236,1,12,18,24,30)
(237,1,20,14,8,2,1)
(238,1,2,3,4,5,6,12,18,24,30)
(239,1,28,22,16,10)
(240,1,8,14,20,26,32)
(241,1,23,17,11,5)
(242,1,30,24,18,12,11,10,9)
(243,1,22,16,10,4)
(244,1,12,18,24,30,36)
(245,1,23,17,11,5,4,3,2,1)
(246,1,15,16,17,23,29,35)
(247,1,24,18,12,6,5)
(248,1,16,17,18,24,30,36)
(249,1,12,11,10,9,8,14,20,26,32)
(250,1,30,24,18,12,11,10,9,8)
(251,1,20,14,8,2,1)
(252,1,36,30,24,18,17,16)
(253,1,28,22,16,10,4,3)
(254,1,15,16,22,28,34)
(255,1,28,22,16,10,4,3,2)
(256,1,1,2,3,4,10,16,22,28)
(257,1,21,15,9,3,2,1)
(258,1,24,18,12,6,5)
(259,1,7,8,9,10,16,22,28,34)
(260,1,9,10,16,22,28,34)
(261,1,4,3,2,1,7,13,19,25,31)
(262,1,6,12,18,24)
(263,1,12,11,10,9,8,14,20,26,32)
(264,1,33,27,21,15,9,3,2,1)
(265,1,35,29,23,17,11,5,4,3,2)
(266,1,10,9,15,21,27,33)
(267,1,28,22,16,10,9,8,7)
(268,1,19,13,7,1)
(269,1,31,25,19,13,7,1,2,3,4,5)
(270,1,34,28,22,16)
(271,1,24,18,12,6,5,4)
(272,1,25,19,13,7,1,2,3,4,5)
(273,1,9,10,16,22,28,34)
(274,1,13,14,15,16,17,18,24,30,36)
(275,1,12,11,10,16,22,28,34)
(276,1,3,4,5,6,12,18,24)
(277,1,10,9,8,7,13,19,25,31)
(278,1,23,17,11,5,4,3)
(279,1,22,16,10,4,3,2)
(280,1,28,22,16,10,4,3,2)
(281,1,15,21,27,33)
(282,1,31,25,19,13,7,1,2,3)
(283,1,18,24,30,36)
(284,1,34,28,22,16)
(285,1,1,2,3,9,15,21,27,33)
(286,1,36,30,24,18,12,6,5)
(287,1,7,8,9,10,11,17,23,29)
(288,1,18,24,30,36)
(289,1,29,23,17,11,10,9)
(290,1,18,24,30,36)
(291,1,35,29,23,17,16,15)
(292,1,2,3,4,10,16,22)
(293,1,15,16,17,23,29,35)
(294,1,9,10,16,22,28,34)
(295,1,34,28,22,16,10)
(296,1,7,8,14,20,26,32)
(297,1,15,16,22,28,34)
(298,1,3,4,5,6,12,18,24,30)
(299,1,3,4,5,11,17,23,29,35)
(300,1,17,18,24,30,36)
(301,1,8,9,15,21,27,33)
(302,1,15,16,17,23,29,35)
(303,1,22,16,10,4,3,2,1)
(304,1,34,28,22,16,10,11)
(305,1,13,14,15,16,22,28,34)
(306,1,21,15,9,3,2,1)
(307,1,32,26,20,14)
(308,1,18,24,30,36)
(309,1,21,15,9,3,2)
(310,1,19,13,7,1)
(311,1,20,14,8,2)
(312,1,6,5,4,10,16,22,28,34)
(313,1,21,15,9,3)
(314,1,1,2,3,4,5,6,12,18,24,30)
(315,1,30,24,18,12,6,5)
(316,1,22,16,10,4,3,2,1)
(317,1,6,12,18,24)
(318,1,12,11,10,9,8,7,13,19,25,31)
(319,1,27,21,15,9,3,4)
(320,1,27,21,15,9,3,2,1)
(321,1,11,17,23,29)
(322,1,33,27,21,15,14,13)
(323,1,9,15,21,27,33)
(324,1,31,25,19,13,7,8,9,10)
(325,1,10,11,17,23,29,35)
(326,1,7,13,19,25,31)
(327,1,11,17,23,29,35)
(328,1,21,15,9,3)
(329,1,10,16,22,28)
(330,1,7,8,9,10,11,17,23,29)
(331,1,36,30,24,18,12)
(332,1,33,27,21,15,9,8)
(333,1,11,12,18,24,30)
(334,1,10,11,12,18,24,30,36)
(335,1,2,3,4,10,16,22)
(336,1,19,13,7,1)
(337,1,3,4,5,11,17,23,29,35)
(338,1,6,12,18,24)
(339,1,25,19,13,7,1,2)
(340,1,10,9,8,14,20,26,32)
(341,1,13,19,25,31)
(342,1,22,16,10,4,3,2)
(343,1,30,24,18,12,11)
(344,1,33,27,21,15,9,3)
(345,1,30,24,18,12,11)
(346,1,18,24,30,36)
(347,1,25,19,13,7,1,2,3,4)
(348,1,35,29,23,17,11,10,9)
(349,1,23,17,11,5,4)
(350,1,19,13,7,1)
(351,1,29,23,17,11,10,9,8,7)
(352,1,19,13,7,1)
(353,1,29,23,17,11,10,9,8)
(354,1,13,14,15,21,27,33)
(355,1,12,11,17,23,29,35)
(356,1,4,3,9,15,21,27,33)
(357,1,18,24,30,36)
(358,1,9,10,11,17,23,29)
(359,1,18,24,30,36)
(360,1,32,26,20,14,8)
(361,1,32,26,20,14,8,9,10,11,12)
(362,1,29,23,17,11)
(363,1,33,27,21,15,9,3)
(364,1,24,18,12,6,5)
(365,1,35,29,23,17,11,5,4,3,2,1)
(366,1,2,8,14,20,26,32)
(367,1,7,8,14,20,26)
(368,1,32,26,20,14,8,9,10,11,12)
(369,1,20,14,8,2,1)
(370,1,19,13,7,1)
(371,1,36,30,24,18,12,6,5,4,3)
(372,1,19,13,7,1)
(373,1,1,2,3,4,5,11,17,23,29,35)
(374,1,11,12,18,24,30,36)
(375,1,32,26,20,14,8,2,3)
(376,1,5,4,3,2,1,7,13,19,25)
(377,1,36,30,24,18,12,6,5,4)
(378,1,12,11,10,9,15,21,27,33)
(379,1,15,16,22,28,34)
(380,1,12,11,10,9,8,7,13,19,25,31)
(381,1,8,7,13,19,25,31)
(382,1,25,19,13,7,1,2,3,4)
(383,1,9,15,21,27)
(384,1,27,21,15,9,3)
(385,1,3,9,15,21,27)
(386,1,10,9,8,7,13,19,25,31)
(387,1,7,8,14,20,26)
(388,1,11,10,16,22,28,34)
(389,1,22,16,10,4,3)
(390,1,23,17,11,5,4,3,2)
(391,1,28,22,16,10,4,3,2,1)
(392,1,30,24,18,12,11,10)
(393,1,3,9,15,21)
(394,1,30,24,18,12)
(395,1,16,17,23,29,35)
(396,1,18,24,30,36)
(397,1,26,20,14,8,2,3,4,5)
(398,1,13,19,25,31)
(399,1,19,13,7,1)
(400,1,33,27,21,15,9,8)
(401,1,19,13,7,1)
(402,1,32,26,20,14,8,7)
(403,1,17,18,24,30,36)
(404,1,14,15,16,22,28,34)
(405,1,2,3,4,10,16,22,28,34)
(406,1,26,20,14,8,2,3)
(407,1,3,2,1,7,13,19,25,31)
(408,1,21,15,9,3,2,1)
(409,1,16,17,18,24,30,36)
(410,1,27,21,15,9,3,4,5)
(411,1,30,24,18,12,6,5,4)
(412,1,14,20,26,32)
(413,1,10,9,8,14,20,26,32)
(414,1,33,27,21,15,14,13)
(415,1,19,13,7,1)
(416,1,9,10,16,22,28)
(417,1,18,24,30,36)
(418,1,17,23,29,35)
(419,1,16,17,18,24,30,36)
(420,1,18,24,30,36)
(421,1,9,10,11,12,18,24,30)
(422,1,24,18,12,6,5,4,3)
(423,1,17,23,29,35)
(424,1,26,20,14,8)
(425,1,13,14,15,16,17,23,29,35)
(426,1,32,26,20,14,8,2,3,4,5)
(427,1,32,26,20,14,8,9,10,11,12)
(428,1,8,9,15,21,27,33)
(429,1,14,15,16,22,28,34)
(430,1,6,12,18,24,30,36)
(431,1,31,25,19,13,7,8,9,10)
(432,1,26,20,14,8)
(433,1,18,24,30,36)
(434,1,2,3,4,5,6,12,18,24,30,36)
(435,1,21,15,9,3)
(436,1,7,8,14,20,26)
(437,1,33,27,21,15,9)
(438,1,4,5,11,17,23,29,35)
(439,1,23,17,11,5,4)
(440,1,22,16,10,4,3,2)
(441,1,5,4,3,2,1,7,13,19,25)
(442,1,22,16,10,4)
(443,1,29,23,17,11,10,9,8,7)
(444,1,33,27,21,15,9,3,4,5)
(445,1,18,24,30,36)
(446,1,32,26,20,14,13)
(447,1,26,20,14,8,2)
(448,1,11,17,23,29)
(449,1,25,19,13,7,1)
(450,1,26,20,14,8,2,3,4)
(451,1,33,27,21,15,9,3,4)
(452,1,14,15,16,17,23,29,35)
(453,1,33,27,21,15,9,3,2)
(454,1,8,9,10,11,12,18,24,30)
(455,1,11,10,9,8,7,13,19,25,31)
(456,1,11,12,18,24,30)
(457,1,8,9,15,21,27)
(458,1,35,29,23,17,16)
(459,1,13,14,15,16,22,28,34)
(460,1,11,17,23,29,35)
(461,1,35,29,23,17,11,10,9,8,7)
(462,1,3,9,15,21)
(463,1,15,16,22,28,34)
(464,1,13,14,15,16,22,28,34)
(465,1,23,17,11,5,4,3)
(466,1,7,8,14,20,26)
(467,1,7,8,14,20,26)
(468,1,35,29,23,17,11,10,9,8)
(469,1,30,24,18,12,6,5,4,3,2)
(470,1,17,18,24,30,36)
(471,1,25,19,13,7,1)
(472,1,28,22,16,10,4)
(473,1,27,21,15,9,8)
(474,1,16,22,28,34)
(475,1,19,13,7,1)
(476,1,7,8,9,10,11,12,18,24,30,36)
(477,1,13,14,15,21,27,33)
(478,1,34,28,22,16,10,4,3,2)
(479,1,11,12,18,24,30,36)
(480,1,24,18,12,6)
(481,1,36,30,24,18,17,16,15,14,13)
(482,1,5,6,12,18,24,30,36)
(483,1,3,4,10,16,22)
(484,1,12,11,10,9,8,7,13,19,25,31)
(485,1,9,10,11,17,23,29,35)
(486,1,33,27,21,15,9,10,11,12)
(487,1,16,17,23,29,35)
(488,1,14,15,16,22,28,34)
(489,1,4,5,6,12,18,24)
(490,1,27,21,15,9,3,2)
(491,1,36,30,24,18,12,6,5,4,3,2)
(492,1,3,2,8,14,20,26,32)
(493,1,19,13,7,1)
(494,1,12,11,17,23,29,35)
(495,1,35,29,23,17,16,15)
(496,1,33,27,21,15,9,10,11,12)
(497,1,27,21,15,9,3,4)
(498,1,23,17,11,5,4,3,2,1)
(499,1,11,10,16,22,28,34)
(500,1,25,19,13,7,1,2,3,4)
(501,1,17,18,24,30,36)
(502,1,20,14,8,2)
(503,1,17,18,24,30,36)
(504,1,1,2,3,4,10,16,22,28)
(505,1,32,26,20,14,13)
(506,1,11,10,16,22,28,34)
(507,1,27,21,15,9,3,4,5,6)
(508,1,22,16,10,4,3,2,1)
(509,1,2,8,14,20)
(510,1,28,22,16,10,9,8,7)
(511,1,13,14,15,16,17,23,29,35)