(82284,148,6885,6914,5280,5209,6877,5205,6853,5912,6556,6669,5873,6204,5734,6670,5850,6335)
(69418,279,5101,5897,5311,6486,5716,5808,6238,6442,6300,6273,6143,6452,6449,6316,6493,6867,6366)
(14942,130,5696,6951,5838,6556,6486,5716,5808,6238,6442,6300,5806,6424,6638,6630,6090)
(42515,137,5825,6219,5857,6414,6044,5806,6560,5735,5692,5611,5476,5197,6478,6208,5168)
(37089,188,6108,6317,6239,6556,6486,5716,5808,6238,6768,6414,5857,6219,6774,5642,5099)
(30944,8,6136,5300,6143,6273,6300,6442,6238,5808,5716,6486,6556,6239,6317,6108)
(13156,166,5311,6486,5716,5808,6238,6768,6414,5857,6219,6774,5642,5099,6080,6910,5165)
(109595,155,6355,6560,5806,6044,5795,6822,6877,5209,5280,6914,6885,5602,5574,5629)
(32431,218,6538,5825,6219,5857,6414,6044,5806,6560,5735,5692,5611,5476,5197,6478,6384,6790)
(27972,179,6727,6916,5221,6144,6877,5885,6513,6620,5380,6474,5642,5099,6080)
(33713,195,6670,5734,6204,6666,6970,5056,6108,6177,6913,5190,6905,6341,5807,5653,6065,6675)
(55747,128,6342,6480,5653,5807,6656,5097,5879,5347,5897,5311,6556,6669,5873,6204,5734,6670,5850,6761)
(50677,247,5825,6219,5857,6414,6044,5806,6560,5735,5692,5611,5476,5197,6478,6208,5168)
(79539,252,6906,5221,5412,6853,5912,6556,6669,5873,6613,6171,6670,5850,6761,5891)
(97733,259,5280,5209,6877,5205,6800,5808,5777,5782,5100,6434,6888,5261,5397,5173)
(102031,117,5722,5197,5476,5611,5692,5735,6560,5806,6044,5795,6822,6877,5209,5280,6914,6885)
(16816,192,6906,5221,5412,6853,5912,6556,6669,5873,6204,5734,6670,5850,6335,6728,6790)
(37656,220,5850,6670,6171,6421,6475,5782,5777,5808,6800,5412,5221,5057,5280,6914,6885,5602,5574)
(59502,238,5923,6355,6560,5806,6044,5795,6822,6877,5209,5981,5710,6885,5602,5574,5629)
(65597,86,6486,5716,5808,6238,6442,6300,6273,6143,6452,5453,6895,6493,6867,6366)
(32958,214,6416,6452,6143,6273,6300,6442,6238,5808,5716,6486,6556,6239,6317,6108,5060,6236,5702)
(38278,69,6493,6316,6449,6452,6143,6273,6300,6442,6238,5808,5716,6486,6556,6239,6317,6108)
(73221,176,5397,5261,6888,6434,5100,5782,5777,5808,6800,5412,5221,5057,5280,6914)
(71334,123,5060,6108,6317,6239,6556,6486,5716,5808,6238,6442,6300,6273,6143,6452,5453)
(32485,264,6449,6452,5893,5021,6513,5885,6877,6144,6906,6868,5910,5807,6656,5097,6097,5177,5702)
(108359,228,5384,6507,5385,6359,6222,6385,5055,5702,5177,6097,5097,6656,5807,5653,6065,6675)
(46823,52,6728,6335,5850,6670,5734,6204,5873,6669,6556,5311,5587,6916,5221,6906)
(41335,267,6057,5533,6305,5722,6478,6384,6728,6335,5850,6670,5734,6974,5696,5385)
(16759,145,5209,6877,6822,5795,6044,5806,6560,5735,5692,5611,5476,5197,6478,6384,6790)
(92826,9,5825,6219,5857,6414,6044,5806,6560,5735,5692,5611,5476,5197,6478,6208)
(45739,240,6424,5806,6300,6442,6238,6800,6853,6944,6727,5101,5347,5879,6097,5177,5702)
(25600,143,6108,6317,6239,6556,6486,5716,5808,6238,6768,6414,5857,6219,6774,5642,5099,6080)
(54267,210,5574,5602,6885,6914,5280,5209,6877,5205,6800,5808,5777,5782,5100,6434,6888,5962,6989,6335,6728,6790)
(91186,196,5923,6355,6560,5806,6044,5795,6822,6877,5209,5981,5710,6885,5602,5574)
(55689,55,5209,6877,5205,6800,5808,5777,5782,5100,6434,6888,5261,5397,5173,6208,5168)
(69290,138,6987,6449,6452,6143,6273,6300,6442,6238,5808,5716,6486,6556,5838,6951)
(15752,168,5255,5642,6474,5380,6620,6513,5885,6877,5205,6853,6944,6727,5101,5347)
(96623,165,5385,5696,6951,5838,6556,6486,5716,5808,6238,6442,6300,6273,6143,6452,6449)
(15310,247,6748,6675,6065,5653,5807,6656,5097,5879,5347,5897,5311,6556,5838,6951,6974,5734,6899)
(91784,5,6300,6442,6238,5808,5716,6486,6556,6239,6317,6108,5127,5925)
(22559,221,6474,5642,5255,6136,6895,6316,6987,5181,6331,5506,6833,6057,5533,6305,6782,5168)
(53046,10,6630,6638,6424,5806,6300,6442,6238,6800,5412,6674,6850,6905,6792,5097,6097,5177,5702)
(77409,212,5100,5782,5777,5808,6800,5412,5221,5057,5280,6914,6885,6793,5620)
(47908,83,5981,5209,6877,5205,6853,5912,6556,6669,5873,6613,6171,6670,5850)
(51930,202,6434,5100,5782,5777,5808,6800,5412,5221,6906,6868,6030,6342)
(61730,117,6434,5100,5782,5777,5808,6800,5205,6877,5209,5280,6914,6885,5602,5574)
(35000,185,6377,5101,5897,5311,6556,6669,5873,6613,6171,6670,5850,6335,6728,6790)
(101895,246,5490,5573,6436,6638,5104,6316,5113,6080,5099,5642,6474,5636,5679,6485,5574,5629)
(62195,68,6136,5300,5893,5857,6414,6768,6238,6800,6853,6944,6727,5101)
(88746,88,6319,6756,6355,6560,5806,6044,5795,6822,6877,5209,5981,5710,6885,5602,5574,5629)
(54545,211,5574,5602,6885,6914,5280,5209,6877,5205,6853,5912,6556,5838,6951,6974,5734,6899,5022)
(26505,264,5795,6044,5806,6560,5735,5692,5611,5476,5197,6478,6208,5168,5103)
(72042,50,5734,6670,5850,6335,6728,6384,6478,5722,6305,5533,6057,6833)
(26767,266,6728,6335,5850,6670,5734,6204,5873,6669,6556,5311,5587,6916,5221,5057,5981,5710,6885,6793)
(59327,74,5756,6987,6449,6452,6143,6273,6300,6442,6238,5808,5716,6486,6556,5838,6951,5696)
(71565,94,6377,5101,5897,5311,6556,5838,6666,6204,5734,6670,5850,6761,5891,5123)
(107478,112,5808,6238,6442,6300,6273,6143,6452,6449,6316,6493,6867,6366)
(45790,37,6478,5197,5476,5611,5692,5735,6560,5806,6044,5795,6822,6144,6906,6868,6030)
(35304,226,6727,6916,5221,6144,6877,5885,6513,6620,5380,6474,5642,5099)
(69263,115,6329,5267,6888,6319,6756,6355,6560,6424,6638,5104,6316,6493,6867)
(76948,263,5097,6656,5807,5910,6868,6906,6144,6877,5885,6513,6620,5380,6474,5642,5099,6080,6910)
(26350,97,5653,5807,6656,5097,5879,5347,5897,5311,6556,6669,5873,6613,6183,5790)
(16495,136,6316,6449,6452,5893,5857,6414,6768,6238,5808,5716,6486,5311,5277,6317,6108,5060,6904)
(69557,160,5209,6877,6822,5795,6044,5806,6560,6355,6756,6319,5261,5397,5173,6208)
(56467,66,6516,6414,6044,5806,6560,5735,5692,5611,5476,5197,6478,6208,5168,5103)
(86414,103,5850,6670,5734,6974,6951,6970,5056,6108,6177,6913,5190,6905,6341,5807,5653,6480,6342)
(83376,202,6853,5205,6877,5885,5585,6751,5636,6474,5642,5099,6080,6910,5165)
(76818,133,6670,5734,6204,5873,6669,6556,5311,5587,6916,5221,5057,5280,6914,6885,6793)
(103133,201,6728,6335,5850,6670,6171,6421,6475,5782,5777,5808,6800,5412,5221,5057,5280)
(14454,167,6424,5806,6300,6442,6238,5808,5716,6486,6556,6239,6317,6108,5127,5925,6385)
(101769,122,6434,5100,5782,5777,5808,6800,5412,5221,5057,5981,5710,6885,5602,5574)
(46720,191,5097,6656,5807,5910,6868,6906,6144,6877,5885,6513,6620,5380,6474)
(47149,98,5611,5692,6436,6638,5104,6316,6895,6136,5255,5642,6474,5636,5679)
(108541,134,6556,6486,5716,5808,6238,6768,6414,5857,5893,6452,6449,6987)
(38141,199,6768,6238,6800,6853,6944,6727,5101,5347,5879,6097,5177,5702)
(21127,68,5384,5022,5437,6761,6989,5962,6319,6756,6355,6560,6424,6638,5104,6316,6493,6867)
(48387,46,6905,6126,5101,5897,5311,6556,6669,5873,6613,6171,6670,5850,6335,6728,6187,5103)
(26402,158,5555,5702,5177,6097,5879,5347,5897,5311,6486,5716,5808,6238,6442,6300,6273,6143)
(14575,16,6756,6355,6560,5806,6044,6414,5857,5021,6513,5863,6914,6885,5602,5574,5629)
(67662,65,6905,6850,6674,5221,6144,6877,5885,6513,6620,5825,6774,5642,5099,6080,6910,5165)
(65954,186,6904,5060,6108,6317,6239,6556,6486,5716,5808,6238,6768,6414,5857,5893,6452,5453,6895,6493,5350)
(56413,254,5838,6556,6486,5716,5808,6238,6442,6300,6273,6143,6452,5453,6895,6493)
(46610,86,6335,5850,6670,5734,6974,6951,6970,5056,6108,6177,6913,5190,6905,6341,5807,5653,6065,6675,6748)
(92543,270,6331,6687,6424,5806,6300,6442,6238,6800,5412,6674,6850,6905,6792,5097,6097,5177)
(24749,68,5573,5923,6756,6319,6888,5267,6329,6669,6239,6317,6108,5060,6904,6385)
(89591,178,6727,6944,6853,5205,6877,5885,5585,6751,5636,6474,5642,5099,6080,6910)
(40689,157,6853,6800,6238,6442,6300,6273,6143,6452,6449,6987,5756,5979,6366)
(80771,177,6853,5205,6877,5885,5585,6751,5636,6474,5642,5099,6080,6910,5165)
(49570,185,6385,6904,5060,6108,6317,6239,6556,6486,5716,5808,6238,6442,6300,5806,6424,6638,5953)
(23040,185,5808,5777,5782,5100,6434,6888,5261,5397,5173,6208,5168,5103)
(67889,35,6342,6480,5653,5807,6656,5097,5879,6913,6177,6108,5056,6970,6951,6974,5734,6670,5850)
(54800,205,6761,5850,6670,5734,6204,6666,6970,5056,6108,6177,6913,5190,6905)
(109619,168,6957,6342,6030,6868,6906,5221,5412,6800,5808,5777,5782,5100,6434,6888,5261,5070,5722)
(57277,94,6751,6538,5825,6219,5857,6414,6044,5806,6560,6355,6756,6319,5962,6989,6335,6728)
(63609,198,5197,5476,5611,5692,6436,6638,5104,6316,5113,6080,5099,5642,6474,5636)
(25070,114,5808,6238,6768,6414,5857,5893,6452,5453,6895,6493,5350,5165)
(68851,232,6424,5806,6300,6442,6238,5808,5716,6486,5311,5277,6317,6108,5060,6904,6385,5659)
(82727,70,6675,6065,5653,5807,6656,5097,5879,5347,5897,5311,6486,5903,5100,6434,6888,5261,5397,5173)
(64663,189,6687,6424,5806,6300,6442,6238,5808,5716,6486,5311,5277,6317,6108,5127,5466)
(108999,78,5490,5573,6436,6638,5104,6316,6895,6136,5255,5642,6474,5636,5679,6485)
(59040,36,5825,6620,6513,5885,6877,6144,6906,6868,5910,5807,6656,5097,6097,5177)
(14802,252,6638,6424,5806,6300,6442,6238,5808,5716,6486,6556,6239,6317,6108,5060,6904,6385,5659)
(63776,81,6513,5021,5893,6452,6416,5953,6638,6687,5506,6833,6057,5533,6305,6782)
(105123,92,6329,6669,6239,6317,6177,6913,5879,5097,6656,5807,5653,6065,6675,6748)
(54335,284,5311,6486,5716,5808,6238,6442,6300,6273,6143,6452,5453,6895,6493)
(29258,151,5734,6974,6951,6970,5056,6108,6177,6913,5879,5097,6656,5807)
(63530,118,6675,6065,5653,5807,6656,5097,5879,6913,6177,6108,5056,6970,6951,6974,5734)
(20523,254,6183,6421,6475,5782,5777,5808,6800,5412,5221,5057,5981,5710,6885,5602,5574)
(82272,133,5412,6800,5808,5777,5782,6475,5267,6888,5962,6989,6761,5891,5123)
(100385,41,6687,6424,5806,6300,6442,6238,6800,6853,6944,6727,5101,5347,5879,6097,5177,5702)
(95737,74,6516,6414,6044,5806,6560,5735,5692,5611,5476,5197,6478,6208,5168)
(41785,206,5490,5573,6436,6638,5104,6316,5113,6080,5099,5642,6474,5636,5679)
(81713,96,5347,5897,5311,5912,6853,6800,6238,6768,6414,5857,5893,6452,5453)
(65091,110,5825,6620,6513,5885,6877,6144,6906,6868,5910,5807,6656,5097,6097,5177,5702)
(10090,236,6727,6944,6853,5205,6877,5885,6513,6620,5825,6774,5642,5099,6080)
(105609,53,5923,6355,6560,5806,6044,6414,5857,6219,5825,6538,6751,5679,6485)
(53449,172,6728,6335,5850,6670,5734,6204,5873,6669,6556,5311,5587,6916,5221,5057,5280,6914)
(71097,142,5838,6556,6486,5716,5808,6238,6768,6414,6160,6143,6452,6449,6316,6493)
(57522,75,6516,6414,6044,5806,6560,6355,6756,6319,5962,6989,6335,6728,6187,5103)
(22097,260,6728,6335,5850,6670,5734,6204,5873,6669,6556,5311,5587,6916,5221,5057)
(100018,191,6331,6687,6424,6560,6355,6756,6319,5962,6989,5850,6670,5734,6974,5102)
(72437,180,6478,5197,5476,5611,5692,6436,6638,5104,6316,5113,6080,5099,5642,6474,5636,5679,6485)
(44074,135,5347,5897,5311,6486,5716,5808,6238,6442,6300,6273,6143,6452,6449,6987,5756,5979)
(84445,234,6317,6239,6556,6486,5716,5808,6238,6768,6414,6160,6143,6452,5453)
(72807,20,6335,5850,6670,6171,6421,6475,5782,5777,5808,6800,5205,6877,5209,5280)
(31070,139,6057,6833,5506,6331,5181,6987,6316,6895,6136,5255,5642,6474,5636,5679,6485,5574,5629)
(14497,221,6090,6630,6638,6424,5806,6300,6442,6238,5808,5716,6486,5311,5277,6317,6108,5060)
(39550,58,6751,6538,5825,6219,5857,6414,6044,5806,6560,5735,5692,5611,5476)
(72218,206,5413,6538,5825,6219,5857,6414,6044,5806,6560,6355,6756,6319,5962,6989,6761,5891)
(90148,196,6556,5912,6853,6800,6238,6768,6414,5857,5893,6452,5453,6895,6493,6867)
(62381,254,5602,6885,6914,5280,5209,6877,5205,6800,5808,5777,5782,5100,6434,6888,5261,5397,5173)
(92225,187,6239,6556,6486,5716,5808,6238,6442,6300,6273,6143,6452,6449,6316)
(30500,90,6136,5255,5642,6774,5825,6620,6513,5885,6877,5205,6853,6944,6727,5101,5347)
(91855,87,5022,5384,6507,5385,6359,6222,6385,5055,5702,5177,6097,5097,6656,5807,5653,6480,6342,5073)
(10586,214,5679,5636,6474,5642,5255,6136,6895,6316,6987,5181,6331,5506,6833,6057,5533,6305,5722,6478,6384,6790)
(33364,111,6057,6833,5506,6331,5181,6987,6316,5113,6080,5099,5642,6474,5636,5679)
(30115,217,5437,5022,5384,6507,5385,6359,6222,6385,5055,5702,5177,6097,5097,6656,5807,5653,6480)
(59434,157,5341,5102,6974,5734,6670,5850,6335,6728,6384,6478,5722,6305,5533,6057,6833,5615,5832,5979)
(38123,189,5097,6656,5807,5653,6480,6450,5981,5280,5863,6513,6620,5380,6474,5642,5099,6080)
(76390,237,5476,5611,5692,5735,6560,5806,6044,5795,6822,6877,5209,5981,5710,6885,5602,5574,5629)
(108823,166,5127,6108,6317,6239,6556,5912,6853,5205,6877,5885,6513,5021,5893,6452,6449)
(60142,98,5782,5777,5808,6800,5412,5221,6906,6868,6030,6342,6957,6675)
(19038,79,5925,5127,6108,6317,6239,6556,5912,6853,6800,6238,6768,6414,6160,6143,6452,6449)
(27434,144,6342,6030,6868,6906,5221,5412,6800,5808,5777,5782,6475,5267,6888,5261)
(44506,60,6905,6850,6674,5221,6144,6877,5885,5585,6751,5636,6474,5642,5099,6080,6910)
(72843,52,5891,5437,5022,5384,6507,5385,6359,6222,6385,5055,5702,5177,6097,5097,6656,5807,5653,6065,6675,6748)
(58613,137,6377,5101,5897,5311,6556,6669,5873,6613,6171,6670,5850,6761)
(79643,107,6987,6449,6452,5893,5857,6414,6768,6238,5808,5716,6486,6556,6239,6317,6177)
(55758,143,5060,6108,6317,6239,6556,6486,5716,5808,6238,6442,6300,6273,6143,5300)
(48266,177,6065,5653,5807,6656,5097,5879,5347,5897,5311,6556,6669,6329,5267,6888,5261)
(51292,98,6057,5533,6305,5722,6478,6384,6790,5123,5891,5437,5022,5384,6507)
(104014,21,6335,5850,6670,5734,6974,6951,6970,5056,6108,6177,6913,5190,6905,6341,5807,5653,6480)
(23912,270,5925,5341,5102,6974,5734,6670,5850,6989,5962,6319,6756,5923,5573,5692,5874,6833,5615)
(104804,45,5716,5808,6238,6442,6300,5806,6424,6638,5104,6987,5756,5979)
(25639,177,6108,6317,5277,5311,5912,6853,6800,6238,6442,6300,5806,6424,6687,6331)
(106502,166,5653,5807,6656,5097,5879,6913,6177,6108,5056,6970,6666,6613,6183,5790)
(35628,29,5384,6507,5385,6359,6222,6385,5055,5702,5177,6097,5097,6656,5807,5653)
(100003,186,6377,5101,5897,5311,6556,6669,5873,6204,5734,6670,5850,6335,6728,6187,5103)
(38788,52,5806,6300,6442,6238,5808,5716,6486,5311,5277,6317,6108,5127,5466)
(37357,201,6434,5100,5782,5777,5808,6800,5412,5221,5057,5280,6914,6885,5602,5574)
(32997,256,6970,5838,6556,5912,6853,5205,6877,5885,6513,5021,5893,6452,6449)
(11293,125,6638,6424,5806,6300,6442,6238,6800,5412,6674,6850,6905,6792,5097,6097,5177)
(57037,123,6916,5221,6144,6877,5885,5585,6751,5636,6474,5642,5099,6080)
(11660,239,6335,5850,6670,5734,6204,5873,6669,6556,5311,5587,6916,5221,5057,5981)
(82620,204,6822,5795,6044,5806,6560,5735,5692,5611,5476,5197,6478,6384,6790)
(59603,75,5168,6782,6305,5533,6057,6833,5506,6331,5181,6987,6316,6895,6136,5255,5642,6474,5636,5679,6485)
(20962,169,6727,6944,6853,5205,6877,5885,6513,6620,5825,6774,5642,5099)
(94550,185,5807,6656,5097,5879,6913,6177,6108,5056,6970,6666,6613,6171,6670,5850,6335,6728)
(60053,277,5659,6222,6359,5385,6507,5384,5022,5437,5891,5123,6790,6384,6478,5722,6305,5533,6057,6833,5615)
(24100,197,6670,5734,6204,6666,6970,5056,6108,6177,6913,5190,6905,6341,5807)
(108417,285,6329,6669,6239,6317,6177,6913,5190,6905,6341,5807,5653,6065,6675)
(52409,178,5397,5261,6319,6756,6355,6560,5806,6044,6414,5857,6219,5825,6538,6751,5679)
(63770,80,6239,6556,6486,5716,5808,6238,6768,6414,6160,6143,6452,5453,6895,6493)
(55717,87,6800,5808,5777,5782,5100,6434,6888,5261,5397,5173,6208,5168,5103)
(20420,151,6833,5874,5692,5573,5923,6756,6319,5962,6989,5850,6670,5734,6974)
(34682,111,6452,6143,6273,6300,6442,6238,5808,5716,6486,5311,5277,6317)
(24289,123,6974,5734,6670,5850,6989,5962,6319,6756,5923,5573,5692,5874,6833,5615,5832,5979,6366)
(108048,155,6300,6442,6238,5808,5716,6486,6556,6239,6317,6108,5127,5925,6385)
(11323,167,5808,5777,5782,5100,6434,6888,5261,5070,5722,6782,5168,5103)
(17200,43,6065,5653,5807,6656,5097,5879,6913,6177,6108,5056,6970,6666,6204,5734,6670,5850,6335,6728,6187)
(10980,81,5209,6877,6822,5795,6044,5806,6560,6355,6756,6319,5261,5397)
(27921,111,5710,5981,5209,6877,6822,5795,6044,5806,6560,6355,6756,6319,5962)
(109049,118,6329,6669,6239,6317,6177,6913,5190,6792,6656,5807,5653,6065)
(57398,216,6273,6300,6442,6238,5808,5716,6486,5311,5277,6317,6108,5060)
(24781,83,6630,6638,6424,6560,6355,6756,6319,5962,6989,5850,6670,5734,6974)
(50289,120,5636,6474,5642,5255,6136,6895,6316,6987,5181,6331,5506,6833,6057,5533,6305,6782)
(72491,223,6449,6452,5893,5857,6414,6768,6238,5808,5716,6486,5311,5277,6317,6108,5127,5466)
(108287,136,6868,6906,5221,5412,6853,5912,6556,6669,5873,6613,6171,6670,5850,6335,6728,6187,5103)
(28371,41,6790,6384,6478,5197,5476,5611,5692,5735,6560,5806,6044,6414,5857,6219,5825,6538)
(19402,165,5923,6355,6560,5806,6044,5795,6822,6144,5057,5280,6914,6885,5602)
(15228,168,5123,5891,6761,5850,6670,6171,6421,6475,5782,5777,5808,6800,5205,6144)
(10596,218,5261,6319,6756,6355,6560,5806,6044,6414,6516,6008,6513,5863,6914,6885,5602,5574,5629)
(45453,237,5574,5602,6885,6914,5863,5885,6877,6822,5795,6044,5806,6560,5735,5692,5611,5476,5197)
(46950,156,6656,5097,6097,5177,5702,5055,6385,6222,6359,5385,6507,5384,5022,5437,5891,5123)
(95621,229,5022,6899,6171,6421,6475,5782,5777,5808,6800,5412,5221,6906,6868)
(55802,169,5221,5412,6800,5808,5777,5782,6475,5267,6888,5261,5070,6478,6208,5168)
(63519,85,5311,5912,6853,5205,6877,5885,6513,6620,5825,6774,5642,5099,6080)
(47821,263,6507,5384,5022,5437,5891,5123,6790,6384,6478,5722,6305,5533,6057,6833,5615)
(57739,34,5981,5209,6877,6822,5795,6044,5806,6424,6687,5506,6833,6057,5533,6305,6782,5168)
(86873,43,5168,6208,6478,5197,5476,5611,5692,6436,6638,5953,6416,6452,5893,5021,6513,5863,6914,6885)
(18441,247,6906,5221,5412,6853,5912,6556,5838,6666,6204,5734,6670,5850,6335,6728,6187)
(51623,168,6108,6317,5277,5587,6916,5221,6144,6877,5885,5585,6751,5636,6474,5642,5099,6080,6910)
(101344,231,5611,5692,6436,6638,5104,6316,6895,5922,5099,5642,6474,5636,5679,6485)
(36430,56,6424,6560,6355,6756,6319,5962,6989,6761,5437,5022,5384,6507,5385,6359)
(88026,173,6474,5642,5255,6136,6895,6316,6987,5181,6331,5506,6833,6057,5533,6305)
(100751,132,6944,6853,6800,6238,6442,6300,6273,6143,5300,5255,5099,6080,6910,5165)
(48126,51,5165,6910,6080,5099,5642,6774,5825,6620,6513,5885,6877,5205,6853,6944,6727)
(58614,129,6222,6359,5385,6507,5384,5022,5437,6761,6989,5962,6319,6756,5923,5573,5692,5874)
(103550,77,5197,5476,5611,5692,6436,6638,5104,6316,6895,6136,5255,5642,6474,5636)
(106448,115,6885,6914,5863,6513,5021,5893,6452,6416,5953,6630,6331,5506,6833,6057,5533,6305,6782)
(63713,33,6687,6424,6560,6355,6756,6319,5962,6989,6761,5437,5022,5384,6507)
(57134,215,6317,6239,6556,6486,5716,5808,6238,6768,6414,5857,5893,5300,5255,5099)
(32083,104,6384,6478,5197,5476,5611,5692,5735,6560,5806,6044,6414,6516,6008,6513)
(78549,34,5679,6751,6538,5825,6219,5893,6143,6273,5806,6560,5735,5692,5611,5476)
(65570,51,6748,6675,6065,5653,5807,6656,5097,5879,5347,5897,5311,6556,6669,5873,6613,6183)
(38542,72,6238,6800,6853,6944,6727,5101,5347,5879,6097,5177,5702,5555)
(64575,111,5413,6538,5825,6219,5893,6452,6416,5953,6630,6331,5506,6833,6057,5533,6305,6782)
(87911,33,5806,6300,6442,6238,6800,5412,6674,6850,6905,6792,5097,6097,5177,5702,5555)
(89630,211,5555,5702,5177,6097,5097,6656,5807,5653,6480,6450,5981,5280,5863,6513,6620,5380,6474,5642,5099,6080)
(54713,125,6768,6238,6800,5412,6674,6850,6905,6792,5097,6097,5177,5702,5555)
(103893,180,5209,6877,6822,5795,6044,5806,6560,5735,5692,5611,5476,5197,6478,6208,5168,5103)
(12591,139,6478,5197,5476,5611,5692,6436,6638,5104,6316,5113,6080,5099,5642,6474,5636,5679,6485,5574)
(18662,226,6687,6424,5806,6300,6442,6238,6800,6853,6944,6727,5101,5347,5879,6097,5177,5702,5555)
(80228,160,5101,6727,6944,6853,6800,6238,6442,6300,6273,6143,6452,5453,6895,6493,5350)
(30654,254,5099,5642,6774,5825,6620,6513,5885,6877,6144,6906,6868,5910,5807,6656)
(93978,136,6970,6666,6613,6421,5267,6888,6319,6756,6355,6560,6424,6638)
(36340,209,5806,6300,6442,6238,5808,5716,6486,5311,5277,6317,6108,5127,5925,6385)
(81042,201,5490,5923,6355,6560,5806,6044,5795,6822,6144,6906,6868,6030,6342,6957,6675)
(71523,43,5573,6436,6638,5953,6416,6452,5893,6219,5825,6538,6751,5679)
(55744,126,5177,6097,5097,6656,5807,5653,6480,6450,5981,5280,5130,5413,6751,5636,6474,5642)
(12534,73,6888,6434,5100,5903,6486,5311,5587,6916,5221,5057,5981,5710,6885,5602,5574,5629)
(98538,281,5925,5341,5102,6974,5734,6670,5850,6989,5962,6319,6756,6355,6560,6424,6638,5104,6316,6493,5350)
(96257,67,5413,6538,5825,6219,5857,6414,6044,5806,6560,6355,5923,5490)
(71199,248,6906,5221,5412,6853,5912,6556,5838,6666,6204,5734,6670,5850,6335)
(47661,100,5021,6513,5885,6877,6144,5221,6674,6850,6905,6792,5097,6097,5177)
(64945,228,6108,6317,6239,6556,6486,5716,5808,6238,6442,6300,5806,6424,6638,5953)
(58143,170,5221,5412,6800,5808,5777,5782,5100,6434,6888,5962,6989,6335)
(109272,100,5734,6670,5850,6335,6728,6384,6478,5722,6305,5533,6057,6833,5615)
(20378,107,5197,5476,5611,5692,5735,6560,5806,6044,5795,6822,6144,5057,5981,5710,6885,5602)
(32818,84,5885,6877,6822,5795,6044,5806,6560,5735,5692,5611,5476,5197)
(78689,171,6833,6057,5533,6305,5722,6478,6384,6790,5123,5891,5437,5022,5384,6507,5385,6359,6222)
(75895,248,5659,6222,6359,5385,6507,5384,5022,5437,5891,5123,6746,5103,5168,6782,6305,5533,6057)
(86502,196,6355,6560,5806,6044,6414,5857,5021,6513,5863,6914,6885,5602,5574)
(34525,228,5981,5209,6877,5205,6800,5808,5777,5782,6475,5267,6888,5962)
(95462,51,5702,5177,6097,5097,6656,5807,5653,6480,6450,5981,5280,5863,6513,5021,5893,6452,6449,6987,5756)
(27961,155,6970,6666,6613,6421,5267,6888,6319,6756,5923,5573,5692,5874,6833,5615,5832,5979,6366)
(108129,258,5734,6670,5850,6335,6728,6384,6478,5722,6305,5533,6057,6833,5615,5832)
(52264,17,5692,5573,5923,6756,6319,5962,6989,5850,6670,5734,6974,5696,5385)
(88742,93,6957,6342,6030,6868,6906,5221,5412,6800,5808,5777,5782,6475)
(91315,62,6316,6449,6452,5893,5857,6414,6768,6238,5808,5716,6486,6556,6239,6317,6108,5127)
(29318,222,6675,6957,6342,6030,6868,6906,5221,5412,6800,5808,5777,5782,5100,6434,6888,5261,5397,5173)
(42763,138,6449,6452,5893,5857,6414,6768,6238,5808,5716,6486,5311,5277,6317)
(50695,271,5602,6885,6914,5863,6513,6008,6516,6414,6044,5806,6560,6355,5923,5490)
(11565,134,6136,5300,5893,5021,6513,5885,6877,6144,6906,6868,5910,5807,6656,5097,6097,5177,5702)
(58810,67,6761,5850,6670,5734,6204,6666,5838,6556,5311,5587,6916,5221,5057,5981,5710)
(42696,73,6885,6914,5280,5209,6877,5205,6853,5912,6556,6669,5873,6613,6171,6899,5022,5437,5891)
(12797,60,6914,5863,6513,5021,5893,6143,6273,5806,6560,6355,6756,6319)
(73663,94,6906,5221,5412,6853,5912,6556,5838,6951,6974,5734,6670,5850,6335)
(43087,204,5533,6057,6833,5506,6331,6630,5953,6416,6452,5893,5021,6513,5863,6914,6885)
(94692,56,6513,5021,5893,6143,6273,5806,6560,5735,5692,5611,5476,5197)
(76330,176,6238,6800,6853,6944,6727,5101,5347,5879,6097,5177,5702,5555)
(71621,144,6222,6359,5385,6507,5384,5022,5437,6761,6989,5962,6319,6756,6355,6560,6424,6638,5953)
(57732,25,5221,5412,6853,5912,6556,6669,5873,6613,6171,6670,5850,6335)
(20604,68,5073,6342,6480,5653,5807,6656,5097,6097,5177,5702,5055,6385,6222,6359,5385,6507,5384,5022)
(105749,207,5734,6974,6951,6970,5056,6108,6177,6913,5190,6905,6341,5807,5653,6065)
(61928,50,6080,5099,5642,6774,5825,6620,6513,5885,6877,5205,6853,6944,5587)
(71915,172,5808,6238,6768,6414,6160,6143,5300,5255,5099,6080,6910,5165)
(83107,176,6670,5734,6974,6951,6970,5056,6108,6177,6913,5190,6905,6341,5807,5653,6065,6675,6748)
(24008,96,5850,6670,6171,6421,6329,6669,6556,5311,5587,6916,5221,6906,6868,6030,6342)
(104971,203,5347,5101,6727,6944,6853,6800,6238,6442,6300,6273,6143,6452,5453,6895)
(100736,120,6774,5825,6620,6513,5885,6877,6144,5221,6674,6850,6905,6792,5097)
(70385,190,5838,6556,6486,5716,5808,6238,6442,6300,6273,6143,6452,6449,6987)
(14283,267,6273,6300,6442,6238,6800,6853,6944,6727,5101,5347,5879,6097,5177)
(99348,52,6416,6452,5893,5021,6513,5885,6877,6144,6906,6868,5910,5807,6656,5097,6097,5177)
(12375,170,5636,6474,5642,5255,6136,6895,6316,6987,5181,6331,5506,6833,6057,5533,5752)
(42760,149,5653,5807,6341,6905,6126,5101,5897,5311,6556,5838,6951,6974,5734,6899)
(32554,56,6970,6666,6613,6421,5267,6434,5326,6756,5923,5573,5692,5874,6833,5615,5832)
(50576,158,6485,5679,5636,6474,5642,5255,6136,6895,6316,6987,5181,6331,5506,6833,6057,5533)
(60521,205,6080,5099,5642,6774,6219,5857,6414,6768,6238,5808,5716,6486,5311,5277,6317,6108,5060,6904)
(71574,82,6670,5734,6204,6666,6970,5056,6108,6177,6913,5190,6905,6341,5807,5653,6065)
(40826,12,6944,6853,5205,6877,5885,6513,6620,5825,6774,5642,5099,6080)
(102103,193,5573,6436,6638,5104,6316,6895,6136,5255,5642,6474,5636,5679)
(107629,269,6906,5221,5412,6800,5808,5777,5782,5100,6434,6888,5962,6989,6335)
(106168,116,5021,5893,6452,6416,5953,6638,6687,5506,6833,6057,5533,6305,6782,5168)
(21161,121,6630,6638,6424,6560,6355,6756,6319,5962,6989,5850,6670,5734,6974)
(35671,59,6486,5716,5808,6238,6768,6414,6160,6143,6452,5453,6895,6493)
(36086,223,5692,5573,5923,6756,6319,5962,6989,6761,5437,5022,5384,6507,5385,6359)
(46365,94,5611,5692,6436,6638,5104,6316,5113,6080,5099,5642,6474,5636,5679,6485)
(106304,227,5825,6620,6513,5863,5280,5981,6723,6868,5910,5807,6656,5097,6097,5177,5702)
(88254,134,6913,5347,5101,6727,6916,5221,6144,6877,5885,5585,6751,5636,6474,5642,5099,6080,6910,5165)
(58534,48,6670,5734,6974,6951,6970,5056,5060,6236,5177,6097,5097,6656,5807,5653,6065,6675)
(99337,37,5912,6853,5205,6877,5885,6513,6620,5825,6774,5642,5099,6080,6910,5165)
(49715,71,5099,5642,6474,5380,6620,6513,5885,6877,6144,5221,6674,6850,6905)
(98474,197,6355,6756,6319,5962,6989,6761,5437,5022,5384,6507,5385,6359)
(104270,20,5101,6727,6944,6853,6800,6238,6768,6414,5857,5893,5300,5255,5099)
(46294,24,6452,5893,5857,6414,6768,6238,5808,5716,6486,6556,6239,6317,6108)
(79513,222,6143,6273,6300,6442,6238,5808,5716,6486,5311,5277,6317,6108,5127,5925,6385,5659)
(91373,130,5615,6833,5874,5692,5573,5923,6756,6319,6888,5267,6329,5873,6666,6970)
(81022,174,6366,6867,6493,6316,6449,6452,6143,6273,6300,6442,6985,5777,5716,6486,5311)
(81693,61,6057,5533,6305,5722,6478,6384,6790,5123,5891,5437,5022,5384,6507,5385)
(94238,124,5825,6219,5893,6452,6416,5953,6638,6687,5506,6833,6057,5533)
(26276,45,6538,5825,6219,5857,6414,6044,5806,6560,6355,5923,6616,5476,5197,6478,6208)
(77352,159,5123,5891,5437,5022,5384,6507,5385,6359,6222,6385,5055,5702,5177,6097,5097,6656,5807,5653)
(16806,189,5573,5735,6560,5806,6044,5795,6822,6144,5057,5981,5710,6885,5602,5574)
(97586,111,5413,6538,5825,6219,5893,6452,6416,5953,6630,6331,5506,6833,6057,5533)
(94012,154,6790,6384,5173,5397,5261,6888,6434,5100,5782,6985,6768,6414,5857,6219,5825,6538)
(109601,152,6782,6305,5533,6057,6833,5506,6331,6630,5953,6416,6452,5893,5021,6513,5863,6914,6885,6793)
(63718,27,5573,5923,6756,6319,6888,5267,6329,6669,6239,6317,6108,5060,6904,6385,5659)
(69414,257,5022,6899,6171,6421,6475,5782,5777,5808,6800,5412,5221,6906,6868,6030,6342)
(26573,66,6906,5221,5412,6853,5912,6556,5838,6666,6204,5734,6670,5850,6335)
(51972,257,6905,6126,5101,5897,5311,6556,5838,6951,6974,5734,6899,5022)
(103017,84,5679,6751,6538,6620,6008,6516,6414,6768,6985,5782,6475,5267,6888,5261)
(90869,149,6057,6833,5506,6331,5181,6987,6316,6895,5922,5099,5642,6474,5636,5679,6485,5574,5629)
(38912,190,5850,6670,5734,6204,6666,6970,5056,6108,6177,6913,5190,6905,6341,5807,5653,6065)
(28112,36,6057,6833,5506,6331,5181,6987,6316,6895,6136,5255,5642,6474,5636,5679,6485)
(51386,180,5615,6833,5874,5692,5573,5923,6756,6319,6888,5267,6329,6669,6239,6317,6108)
(72390,121,6329,5267,6434,5326,6756,6355,6560,6424,6687,6331,6090,5832,5979)
(44407,212,5300,5893,5857,6414,6768,6238,6800,6853,6944,6727,5101,5347,5879)
(23734,80,6305,5533,6057,6833,5506,6331,6630,5953,6416,6452,5893,6219,5825,6538,6751,5679,6485)
(79175,139,5102,6974,5734,6670,5850,6989,5962,6319,6756,6355,6560,6424,6638)
(105388,111,5100,5782,5777,5808,6800,5412,5221,6906,6868,6030,6342,6957,6675)
(103960,233,5209,6877,5205,6853,5912,6556,6669,5873,6613,6171,6670,5850,6335)
(43871,213,5615,6833,6057,5533,6305,5722,6478,6384,6728,6335,5850,6670,5734,6974,5102)
(102945,254,5981,5209,6877,6822,5795,6768,6985,5782,5100,6434,6888,5962,6989,6335)
(15095,38,5808,5777,5782,5100,6434,6888,5261,5397,5173,6208,5168,5103)
(65173,198,6507,5384,5022,5437,6761,6989,5962,6319,6756,6355,6560,6424,6638,5104,6316,6493)
(99349,56,5102,6974,5734,6670,5850,6335,6728,6384,6478,5197,5752,5533,6057,6833,5615,5832,5979,6366)
(69014,126,5476,5611,5692,5735,6560,5806,6044,6414,5857,6219,5825,6538,5413)
(100468,128,6670,5734,6974,6951,6970,5056,6108,6177,6913,5190,6905,6341,5807,5653,6065)
(18697,243,6452,6143,6273,6300,6442,6238,5808,5716,6486,5311,5277,6317,6108,5127)
(70123,199,6452,5893,5021,6513,5885,6877,6144,5221,6674,6377,5101,5347,6913)
(44844,145,5261,6888,6434,5100,5903,6486,5311,5587,6916,5221,6906,6868,6030,6342,6957)
(89683,255,6355,6756,6319,5962,6989,6761,5437,5022,5384,6507,5385,6359)
(14826,13,5384,6507,5385,6359,6222,6385,5055,5702,5177,6097,5097,6656,5807,5653,6065,6675,6748)
(100981,124,6065,5653,5807,6656,5097,6097,5177,5702,5055,6385,6222,6359,5385,6507,5384,5022,5437)
(106025,227,6421,6475,5782,5777,5808,6800,5205,6877,5209,5981,5710,6885,5602,5574,5629)
(15764,184,5311,6486,5716,5808,6238,6442,6300,6273,6143,5300,6136,6895,6493,5350)
(55644,13,5197,5476,5611,5692,5735,6560,5806,6044,6414,5857,6219,5825,6538,6751,5679)
(16610,237,6507,5384,5022,5437,6761,6989,5962,6319,6756,5923,5573,6436,6687,6331)
(12442,240,6656,5807,5653,6480,6450,5981,5280,5130,5381,5679,5636,6474,5642,5099,6080,6910)
(33367,91,5825,6538,5413,5130,5280,5981,6723,6868,5910,5807,6656,5097,6097,5177)
(59536,277,5300,5893,5021,6513,5885,6877,6144,5221,6674,6850,6905,6792,5097)
(40259,229,5903,6486,5311,5587,6916,5221,5057,5280,6914,6885,6793,5620)
(22497,161,5891,6761,5850,6670,6171,6421,6475,5782,6985,6768,6414,5857,6219,5825,6538,5413)
(86764,197,5221,5412,6853,5912,6556,5838,6666,6613,6171,6670,5850,6335)
(103628,174,5165,6910,6080,5099,5642,6474,5380,6620,6008,5618,6822,5205,6853,6944,5587,5277,6317,6108,5060)
(102007,109,5060,6108,6317,5277,5311,6486,5716,5777,6985,6442,6300,6273,6143,5300,6136,6895,6493)
(10157,19,6888,5267,6329,6669,6556,5311,5587,6916,5221,6906,6868,6030,6342)
(81464,91,6305,5533,6057,6833,5506,6331,5181,6987,6449,6452,5893,5021,6513,5863,6914,6885,6793,5620)
(90254,47,6108,6317,5277,5311,5912,6853,6800,6238,6442,6300,5806,6424,6638)
(96730,30,6906,5221,5412,6853,5912,6556,5838,6666,6204,5734,6899,5022,5437,5891)
(101767,130,6556,5912,6853,5205,6877,5885,6513,6620,5380,6474,5642,5099,6080,6910)
(50877,186,6377,5101,5897,5311,6556,6669,5873,6613,6171,6670,5850,6761,5891,5123)
(32313,88,5573,6436,6638,5104,6316,5113,6080,5099,5642,6474,5636,5679)
(18893,180,5629,5574,5602,6885,6914,5863,6513,6008,6516,6414,6768,6985,5782,6475,5267)
(39195,209,6748,6675,6065,5653,5807,6656,5097,5879,6913,6177,6108,5056,6970,6951,6974,5734,6899,5022)
(64447,233,5173,5397,5261,6888,6434,5100,5782,6985,6768,6414,5857,6219,5825,6538,6751,5679)
(48985,122,5385,6507,5384,5022,5437,6761,6989,5962,6319,6756,5923,5573)
(76266,107,6910,6080,5099,5642,6474,5636,6751,5413,5130,5280,5981,6723,6868,5910,5807,6656,5097,6097,5177,5702,5555)
(30790,127,6097,5097,6656,5807,5653,6480,6450,5981,5280,5130,5381,5679,5636,6474,5642,5099,6080,6910,5165)
(16838,215,5311,6486,5716,5808,6238,6768,6414,6160,6143,5300,6136,6895,6493)
(90983,269,6670,5734,6204,5873,6669,6556,5311,5587,6916,5221,5057,5981,5710,6885,5602,5574)
(33039,23,6987,6449,6452,6143,6273,6300,6442,6985,5782,6475,6329,5873,6204,6974,5102)
(99019,240,5722,5197,5476,5611,5692,5735,6560,5806,6044,5795,6822,6144,6906,6868,6030,6342,6957)
(100656,51,6638,6424,6560,6355,6756,6319,6888,5267,6329,6669,6239,6317,6108,5127)
(12374,177,5611,5692,5735,6560,5806,6044,5795,6822,6877,5209,5981,5710,6885,5602,5574)
(68053,205,6727,6944,6853,6800,6238,6442,6300,6273,6143,6452,6449,6987,5756,5979,6366)
(62663,8,6748,6675,6065,5653,5807,6656,5097,6097,5177,5702,5055,6385,6222,6359,5385,6507,5384,5022,5437,5891)
(34758,197,5261,6888,6434,5100,5782,5777,5808,6800,5412,5221,5057,5280)
(40889,73,6424,6560,6355,6756,6319,5962,5790,6183,6171,5734,6949,6507,5385)
(61251,154,5127,6108,6317,6239,6556,5912,6853,5205,6877,5885,6513,5021,5893,5300,6136,6895)
(82037,158,6792,6905,6850,6674,5221,6144,6877,5885,5585,6751,5636,6474,5642,5099,6080)
(52514,257,6833,6057,6142,5476,5197,6478,6384,6728,6335,6761,5437,5022,5384,6507,5385,6359,6222,5659)
(94142,41,6670,6171,6421,6475,5782,5777,5808,6800,5412,5221,6906,6868)
(67279,200,5893,5857,6414,6768,6238,5808,5716,6486,5311,5277,6317,6108,5127,5925,6385)
(50691,267,5100,5782,6985,6768,6414,6516,6008,6513,5863,6914,6885,5602,5574)
(105646,87,6449,6452,6143,6273,6300,6442,6985,5782,6475,6329,5873,6666,6970)
(68254,146,6329,5267,6434,5326,6756,5923,5573,5692,5874,6833,5615,5832,5979)
(40447,173,6108,6317,5277,5311,6486,5716,5777,6985,6442,6300,6273,6143,5300,6136)
(36131,274,6384,6478,5197,5476,5611,5692,6436,6638,5953,6416,6452,5893,6219,5825,6538,5413)
(58297,60,6238,6800,6853,6944,6727,5101,5347,5879,6097,5177,5702,5555)
(98423,154,6877,6822,5795,6044,5806,6560,5735,5692,5611,5476,5197,5722,6782,5168)
(93228,171,5384,5022,5437,5891,5123,6746,5103,5168,6782,6305,5533,6057)
(37421,259,5397,5261,6888,6434,5100,5903,6486,5311,5587,6916,5221,6906,6868,6030)
(19018,58,5702,5177,6097,5879,5347,5897,5311,6486,5903,5100,5326,6756,5923,5573,5692,5874,6833)
(109024,113,6474,5380,6620,6513,5885,6877,6144,5221,6674,6850,6905,6792,5097,6097,5177,5702)
(38845,129,5832,5615,6833,6057,5533,6305,5722,6478,6384,6790,5123,5891,5437,5022,5384,6507,5385)
(29336,221,5790,6183,6421,6329,6669,6239,6317,6177,6913,5190,6905,6341,5807,5653,6065,6675,6748)
(98365,103,6414,6768,6238,6800,6853,6944,6727,5101,5347,5879,6097,5177,5702)
(97994,249,5168,6208,6478,5197,5476,5611,5692,5735,6560,5806,6044,6414,6516)
(75796,156,5209,6877,6822,5795,6044,5806,6560,5735,5692,5611,5476,5197,6478,6384,6790)
(20205,210,5795,6044,5806,6560,5735,5692,5611,5476,5197,5722,6782,5168,5103)
(91602,101,6513,5021,5893,6452,6416,5953,6630,6331,5506,6833,6057,5533,6305)
(71617,126,5205,6800,5808,5777,5782,5100,6434,6888,5261,5397,5173,6208,5168,5103)
(42693,79,5808,6238,6768,6414,6160,6143,5300,6136,6895,6493,6867,6366)
(35411,69,5734,6670,5850,6335,6728,6384,6478,5722,6305,5533,6057,6833,5615,5832)
(97695,204,6335,5850,6670,5734,6204,5873,6669,6556,5311,5587,6916,5221,6906)
(36295,167,6630,6638,6424,6560,6355,6756,6319,6888,5267,6329,5873,6666,6970,5056,5060,6904,6385,5659)
(73288,249,5825,6219,5893,6452,6416,5953,6630,6331,5506,6833,6057,5533,6305,6782,5168)
(100665,52,5710,5981,5209,6877,5205,6800,5808,5777,5782,5100,6434,6888,5962,6989)
(100987,109,6300,6442,6238,6800,6853,6944,6727,5101,5347,5879,6097,5177,5702,5555)
(79589,54,5795,6822,6144,5221,6674,6850,6905,6792,5097,6097,5177,5702)
(43716,48,5101,6727,6944,6853,5205,6822,5618,6008,5021,5893,5300,6136)
(37385,206,5825,6538,5413,5130,5280,5981,6723,6868,5910,5807,6656,5097,6097)
(65694,202,5716,5777,6985,6442,6300,5806,6424,6687,6331,6090,5832,5979,6366)
(89581,157,6355,6756,6319,5962,5790,6183,6171,5734,6974,5696,5385,6359,6222,5659)
(93123,66,6342,6030,6868,6906,6144,6822,5795,6044,5806,6560,5735,5692,5611,5476,5197,5722)
(83885,172,6656,5807,5653,6480,6450,5981,5280,5130,5381,5679,5636,6474)
(105436,151,6183,6421,6329,6669,6239,6317,6177,6913,5190,6905,6341,5807,5653,6065)
(90300,100,5953,6638,6424,6560,6355,6756,6319,5962,6989,6761,5437,5022,5384,6507,5385,6359)
(26620,114,6905,6850,6674,5221,6144,6877,5885,6513,6620,5825,6774,5642,5099)
(97246,15,6424,6560,6355,6756,5326,6434,5267,6329,5873,6666,6970,5056,5127)
(70717,274,5679,6751,6538,5825,6219,5857,6160,6273,5806,6560,5735,5573)
(67710,128,6761,5850,6670,5734,6974,6951,6970,5056,6108,6177,6913,5190,6905)
(49294,157,5615,6833,5874,5692,5573,5923,6756,5326,6434,5267,6329,6669,6239,6317,6108,5060,6904,5055)
(35856,238,6316,6449,6452,6143,6273,6300,6442,6238,6800,6853,6944,6727,5101,5347)
(33324,49,6751,6538,6620,6008,6516,6160,6273,5806,6560,6355,5923,6616,5476)
(11057,145,6080,5099,5642,6474,5636,6751,5413,5130,5280,5981,6723,6868,5910,5807,6656,5097,6097)
(53748,210,6905,6850,6674,5221,6144,6877,5885,6513,6620,5380,6474,5642,5099,6080)
(78662,153,5795,6768,6985,5782,6475,5267,6888,5261,5397,5173,6384,6187,5103)
(61577,235,6377,5101,5897,5311,6486,5903,6475,5267,6888,5261,5070,6478,6208,5168,5103)
(81993,94,6421,6475,5903,6486,5311,5587,6727,6126,6905,6341,5807,5653)
(58943,191,6355,6560,5806,6044,6414,6516,6008,6513,5863,6914,6885,5602,5574)
(87002,176,6329,6475,5100,5326,6756,6355,6560,6424,6687,6331,6090,5832)
(78684,172,5716,5808,6238,6442,6300,6273,6143,6452,6449,6987,5756,5979,6366)
(80663,87,6434,5100,5782,6985,6768,5795,6822,6144,6906,6868,6030,6342,6957)
(70994,22,6143,6273,6300,6442,6985,5777,5716,6486,5311,5277,6317,6108,5127,5925)
(13592,95,5300,5893,5021,6513,5885,6877,6144,5221,6674,6850,6905,6792,5097,6097,5177)
(107469,103,5702,5177,6097,5879,5347,5101,6727,6944,6853,6800,6238,6442,6300,5806,6424,6687,6331)
(32034,77,6424,5806,6300,6442,6238,5808,5716,6486,5311,5277,6317,6108,5060,6904)
(108723,63,5261,6888,6434,5100,5782,5777,5808,6800,5205,6877,5209,5280,6914,6885,6793)
(12648,169,6449,6452,5893,5857,6414,6768,6985,5782,6475,6329,5873,6204,6974,5102)
(49044,168,5102,6974,5734,6171,6183,5790,5962,6319,6756,5923,5573,5692,5874,6833,5615)
(30470,56,5679,5636,6474,5642,5255,6136,6895,6316,6987,5181,6331,5506,6833,6057,5533,5752)
(61624,33,5790,6183,6421,6475,5782,6985,6768,5795,6822,6144,6906,6868,6030,6342,6957,6675)
(95994,83,5777,6985,6442,6300,6273,6143,6452,6449,6987,5756,5979,6366)
(45284,50,5101,6727,6944,6853,5205,6822,5618,6008,5021,5893,5300,6136,6895,6493)
(15782,183,5413,6538,5825,6219,5857,6414,6044,5806,6560,6355,5923,5490)
(73990,163,5300,5893,5021,6008,5618,6822,6144,5221,6674,6377,5101,5347,5879)
(33334,67,5476,5611,5692,6436,6638,5104,6316,6895,6136,5255,5642,6474,5636,5679,6485,5574,5629)
(62179,40,6424,5806,6300,6442,6238,5808,5716,6486,5311,5277,6317,6108,5127,5925)
(14205,193,6136,5300,5893,5021,6513,5885,6877,5205,6853,6944,6727,5101,5347,6913,5686,5177,5702,5555)
(68670,41,5679,6751,6538,5825,6219,5857,6414,6768,6985,5782,5100,6434,6888,5261,5397,5173,6384)
(83244,73,5022,5384,6507,5385,6359,6222,6385,5055,5702,5177,6097,5097,6656,5807,5653)
(95384,234,5611,5476,5197,6478,6384,6728,6335,6761,5437,5022,5384,6507,5385,6359,6222,5659)
(45166,194,5300,5893,5021,6008,5618,6822,6144,5221,6674,6850,6905,6792,5097)
(28841,257,5197,5476,5611,5692,6436,6638,5104,6316,6895,5922,5099,5642,6474,5636,5679,6485,5574,5629)
(33919,129,5533,6057,6833,5506,6331,6630,5953,6416,6452,5893,5021,6513,5863,6914,6885,6793)
(35646,46,5437,5022,6899,5734,6204,5873,6669,6556,5311,5587,6916,5221,5057,5280,6914,6885,5602,5574)
(39781,21,6656,5807,5910,6868,6723,5981,5280,5130,5413,6751,5636,6474)
(79338,57,5173,5397,5261,6888,5267,6475,5782,5777,5808,6800,5205,6877,5209,5280,6914,6885,6793,5620)
(96750,51,5903,6486,5912,6944,6916,5221,6906,6868,6030,6342,6957,6675)
(71095,121,6442,6238,5808,5716,6486,6556,5838,6970,5056,5127,5925,6385)
(24104,208,5611,5692,6436,6638,5953,6416,5453,6136,5255,5642,6474,5636,5679,6485,5574)
(82760,101,6761,5850,6670,6171,6421,6475,5782,6985,6768,6414,5857,6219,5825,6538,5413,5381,6485)
(75496,100,5311,5912,6853,6800,6238,6442,6300,6273,6143,5300,6136,6895,6493,6867)
(40906,100,6442,6238,6800,6853,6944,6727,5101,5347,6913,5686,5177,5702,5555)
(39326,71,6080,5099,5642,6774,5825,6620,6513,5885,6877,6144,5221,6674,6377,5101,5347)
(59974,193,5863,6513,5021,5893,6452,6416,5953,6630,6331,5506,6833,6057,5533,6305)
(42469,105,5177,6097,5097,6656,5807,5910,6868,6906,6144,6877,5885,6513,5021,5893,6452,6449,6987)
(105789,242,6331,6687,6424,6560,6355,6756,6319,5962,5790,6183,6171,5734,6974,5696,5385,6359)
(82904,228,6424,6560,6355,6756,5326,6434,5267,6329,5873,6666,6970,5056,5060,6904,6385)
(64556,81,5850,6670,5734,6204,5873,6669,6556,5311,5587,6916,5221,6906,6868,6030,6342,5073)
(80031,235,6538,5825,6219,5857,6414,6768,6985,5782,6475,5267,6888,5261,5397,5173,6384)
(25356,158,6516,6160,6273,5806,6424,6687,5506,6833,6057,5533,6305,6782,5168)
(12122,191,5893,5857,6516,5618,6822,5205,5412,6674,6850,6905,6792,5097,6097,5177,5702,5555)
(95446,51,5205,6853,5912,6556,5838,6666,6613,6171,6899,5022,5437,5891,5123)
(26950,186,6556,5912,6853,5205,6877,5885,5585,6751,5636,6474,5642,5099,6080,6910)
(82096,218,5412,6800,5808,5777,5782,6475,5267,6888,5261,5397,5173,6208,5168,5103)
(82800,149,6329,5267,6434,5326,6756,5923,5573,5692,5874,6833,5615,5832,5979)
(103378,176,5506,6833,6057,5533,6305,5722,6478,6384,6790,5123,5891,5437,5022,5384,6507,5385)
(56892,222,6913,5347,5101,6727,6944,6853,5205,6822,5618,6008,6620,5825,6774,5642,5099)
(49100,232,6385,6904,5060,6108,6317,6239,6556,6486,5716,5808,6238,6768,6414,6160,6143)
(61821,226,6974,5734,6670,5850,6335,6728,6384,6478,5197,5752,5533,6057,6833,5615,5832,5979)
(74091,257,6057,6833,5506,6331,5181,6987,6316,6895,6136,5255,5642,6474)
(12324,132,6474,5636,6751,5413,5130,5280,5981,6723,6868,5910,5807,6656,5097,6097,5177,5702,5555)
(62236,102,6516,5618,6822,5205,6853,6944,6727,5101,5347,6913,5686,5177)
(91517,281,6057,5533,5752,5197,6478,6384,6728,6335,6761,5437,5022,5384,6507,5385)
(74374,39,5777,5808,6800,5412,5221,5057,5981,5710,6885,6793,5620,6748)
(96986,30,5679,5636,5380,6620,6008,6516,6414,6044,5806,6560,5735,5573,5490,5115,5070,6478,6384,6790)
(60030,243,6421,6329,6669,6239,6317,6177,6913,5190,6905,6341,5807,5653,6065,6675)
(85553,28,6944,6853,5205,6822,5618,6008,6620,5380,6474,5642,5099,6080,6910)
(94839,214,6822,5795,6768,6985,5782,5100,6434,6888,5261,5070,5722,6782,5168)
(36140,13,5209,6877,6822,5795,6044,5806,6560,5735,5692,5611,5476,5197,5722,6782,5168,5103)
(30214,73,6319,6756,6355,6560,5806,6044,6414,5857,6219,5825,6538,5413,5381,6485,5574)
(19311,91,6452,6143,6273,6300,6442,6238,6800,5412,6674,6377,5101,5347,5879,6097)
(45592,104,5611,5692,6436,6638,5104,6316,5113,6080,5099,5642,6474,5636,5679,6485,5574,5629)
(49392,268,5734,6670,5850,6335,6728,6187,5168,6782,6305,5533,6057,6833)
(79023,249,5782,6985,6768,5795,6822,6877,5209,5981,5710,6885,6793,5620)
(19334,107,5692,5573,5923,6756,6319,5962,5790,6183,6171,5734,6974,5696,5385,6359,6222)
(23289,150,5466,5127,6108,6317,5277,5311,5912,6853,5205,6877,5885,5585,6751,5636,6474,5642,5099)
(40430,140,6080,5099,5642,6774,5825,6620,6513,5885,6877,6144,5221,6674,6377,5101,5347,6913,5686)
(78380,142,6516,6414,6768,6985,5782,5100,6434,6888,5261,5397,5173,6208,5168)
(105140,123,5100,5903,6486,5311,5587,6727,6126,6905,6341,5807,5653,6065,6675,6748)
(77671,207,6670,5734,6204,6666,6970,5056,5060,6236,5177,6097,5097,6656,5807,5653,6480,6342)
(93740,168,6239,6669,6329,5267,6434,5326,6756,6355,6560,6424,6687,6331,6090,5832,5979,6366)
(62483,88,5702,5177,6097,5097,6656,5807,5910,6868,6723,5981,5280,5863,6513,6620,5825,6774,5642)
(71451,239,6057,6833,5506,6331,5181,6987,6316,6895,6136,5255,5642,6474,5636,5679,6485,5574,5629)
(96618,175,6656,5097,5879,6913,6177,6108,5056,6970,6666,6613,6171,6899)
(46605,67,6748,6675,6065,5653,5807,6341,6905,6126,6727,5587,5311,6556,5838,6951,6974,5734,6670,5850)
(39248,272,5574,5602,6885,6914,5863,6513,6008,6516,6160,6273,5806,6560,5735,5573,5490,5115,5070,6478)
(19195,234,5101,6377,6674,5412,6800,6238,6442,6300,6273,6143,5300,6136,6895)
(43379,237,6355,6756,6319,6888,5267,6329,5873,6666,6970,5056,5060,6904,6385)
(43174,32,5825,6620,6513,5885,6877,5205,6853,6944,5587,5277,6317,6108,5127,5925,6385,5659)
(103004,69,6974,5734,6171,6183,5790,5962,6319,6756,5923,5573,5692,5874,6833)
(46926,148,6916,5221,6144,6822,5618,6008,5021,5893,6452,5453,6895,6493,5350,5165)
(82728,59,5476,5611,5692,5735,6560,5806,6044,6414,5857,6219,5825,6538)
(84246,11,5611,5692,6436,6638,5953,6416,5453,5922,5099,5642,6474,5636)
(85664,147,6424,6560,6355,6756,6319,5962,6989,6761,5437,5022,5384,6507,5385,6359)
(76802,107,5102,6974,5734,6171,6183,5790,5962,6319,6756,6355,6560,6424,6687)
(49739,108,5100,5782,5777,5808,6800,5412,5221,5057,5981,5710,6885,5602,5574)
(80852,271,5808,5777,5782,6475,5267,6888,5261,5070,5722,6782,5168,5103)
(56370,226,6853,5912,6556,6669,5873,6613,6171,6899,5022,5437,5891,5123)
(64071,117,6905,6850,6674,5412,6800,6238,6442,6300,6273,6143,5300,6136,6895,6493,5350)
(68875,239,6748,6675,6065,5653,5807,6341,6905,6126,5101,5897,5311,6486,5903,5100,5326)
(87881,20,5397,5261,6888,6434,5100,5782,6985,6768,5795,6822,6877,5209)
(64225,18,6424,5806,6044,6768,6238,5808,5716,6486,5311,5277,6317,6108,5127,5925)
(59032,38,6474,5636,6751,5413,5130,5280,5981,6723,6868,5910,5807,6656,5097)
(96332,156,6335,5850,6670,5734,6204,6666,6970,5056,6108,6177,6913,5190,6905,6341,5807)
(106658,74,5850,6670,5734,6974,6951,5838,6556,5311,5587,6916,5221,5057,5981,5710,6885,5602,5574)
(23551,155,5533,6057,6833,5506,6331,6630,5953,6416,6452,5893,6219,5825)
(22335,264,5097,6656,5807,5653,6480,6450,5981,5280,5863,6513,5021,5893,5300,6136,6895,6493)
(106258,202,6449,6452,6143,6273,6300,6442,6985,5782,6475,6329,5873,6204,6974,5102)
(109411,237,6790,6384,5173,5397,5115,5490,5923,6355,6560,5806,6044,5795,6822,6877)
(48834,217,6877,5205,6800,5808,5777,5782,5100,6434,6888,5261,5397,5173)
(101634,243,6486,5716,5777,6985,6768,6414,6160,6143,6452,6449,6316,6493)
(41280,221,6853,5205,6877,5885,5585,6751,5636,6474,5642,5099,6080,6910)
(62077,218,5506,6833,6057,6142,5476,5197,6478,6384,6728,6335,5850,6670,5734,6974,5102)
(68443,78,5850,6670,6171,6421,6475,5782,5777,5808,6800,5205,6144,5057,5981)
(39548,45,5209,6877,5205,6853,5912,6556,5838,6666,6613,6171,6670,5850,6335,6728,6187)
(76444,23,6885,5710,6723,6906,5221,5412,6853,5912,6556,5838,6666,6204,5734,6670,5850)
(78636,118,6474,5380,6620,6008,5618,6822,6144,5221,6674,6377,5101,5347,5879,6097,5177)
(19440,221,5863,6513,6008,6516,6414,6044,5806,6560,5735,5692,5611,5476,5197)
(74801,191,5611,5476,5197,6478,6384,6790,5123,5891,5437,5022,5384,6507,5385,6359)
(73108,72,6316,6449,6452,6143,6273,6300,6442,6238,6800,6853,6944,6727,5101,5347)
(76241,77,6414,6768,6985,5777,5716,6486,5311,5277,6317,6108,5060,6904,6385,5659)
(97146,176,5115,5490,5923,6355,6560,5806,6044,6414,6516,6008,6620,6538,5413)
(86400,81,6888,5267,6329,6669,6239,6317,6177,6913,5190,6905,6341,5807,5653,6065,6675,6748)
(86602,51,5659,6222,6359,5385,6507,5384,5022,5437,6761,6989,5962,6319,6756,5923,5573,6436,6638,5104,6987)
(31881,183,6474,5642,5255,6136,6895,6316,6987,5756,5832,5615,6833,6057,5533,6305)
(98708,173,6424,6560,6355,6756,5326,6434,5267,6329,5873,6666,6970,5056,5127,5925)
(46719,192,5384,5022,5437,5891,5123,6746,5103,5168,6782,6305,5533,6057)
(69686,28,5021,5893,6452,6416,5953,6630,6331,5506,6833,6057,5533,6305,6782,5168)
(66854,51,6970,6666,6613,6183,5790,5962,6319,6756,6355,6560,6424,6638,5104,6316,6493,5350)
(84418,181,6728,6335,5850,6670,5734,6204,6666,6970,5056,5060,6236,5177,6097,5097,6656,5807,5653)
(80259,180,5903,6486,5912,6944,6916,5221,6906,6868,6030,6342,5073,5620,6748)
(61635,21,6768,6238,6800,5412,6674,6850,6905,6792,5097,6097,5177,5702)
(52302,65,5060,6108,6317,6239,6669,6329,6475,5100,5326,6756,5923,5573,6436,6687,6331,6090)
(17820,155,5311,6486,5716,5777,6985,6442,6300,6273,6143,5300,5255,5099,6080)
(62105,254,5555,5702,5177,6097,5097,6656,5807,5910,6868,6723,5981,5280,5130,5413,6751,5636,6474,5642,5099,6080,6910)
(50613,197,6355,6756,6319,5962,5790,6183,6171,5734,6949,6507,5385,6359,6222)
(14526,245,6474,5636,6751,5413,5130,5280,5981,6723,6868,5910,5807,6656,5097,6097,5177,5702)
(103911,198,6452,6143,6273,6300,6442,6985,5777,5716,6486,5311,5277,6317,6108,5127,5925,6385)
(89912,214,6080,5099,5255,5300,6143,6273,6300,6442,6238,5808,5716,6486,6556,5838,6951,5696,5385)
(10464,91,6335,5850,6670,5734,6204,6666,5838,6239,5277,5587,6916,5221)
(26365,126,6560,6355,6756,6319,6888,5267,6329,6669,6239,6317,6108,5127)
(48245,162,6906,5221,5412,6800,5808,5716,5903,6475,5267,6888,5261,5397,5173,6384,6187)
(57106,167,6097,5097,6792,6905,6850,6674,5221,5057,5280,5130,5413,6538,5825,6774,5642)
(42214,116,5790,6183,6421,6329,6669,6239,6317,6177,6913,5190,6905,6341,5807,5653)
(81191,86,5891,5437,5022,5384,6507,5385,6359,6222,6385,5055,5702,5177,6097,5097,6656,5807,5653,6065,6675)
(36452,63,6782,6305,5533,6057,6833,5506,6331,6630,5953,6416,6452,5893,6219,5825,6538)
(106732,139,5101,6727,6944,6853,5205,6822,5618,6008,5021,5893,6452,6449,6987,5756,5979,6366)
(29673,37,6335,6989,5790,6183,6421,6475,5782,6985,6768,6414,6516,6008,6513,5863,6914,6885,5602)
(91940,174,5168,6208,5173,5397,5261,6888,6434,5100,5782,6985,6768,5795,6822)
(64840,106,6905,6850,6674,5221,6144,6822,5618,6008,6620,5825,6774,5642,5099,6080)
(72032,29,6885,6914,5280,5209,6877,5205,6853,5912,6556,5838,6951,5696,6507,5384,5022,5437,5891)
(85806,35,5777,5808,6800,5205,6144,6906,6868,6030,6342,5073,5620,6748)
(98390,112,6474,5642,5255,6136,6895,6316,6987,5756,5832,5615,6833,6057,5533,6305,6782)
(53634,83,5100,5782,6985,6768,6414,5857,6219,5825,6538,6751,5679,6485,5574)
(109748,41,5413,6538,5825,6219,5857,6414,6044,5806,6560,5735,5573,6616,5476)
(99096,65,5384,6507,5385,6359,6222,6385,5055,5702,5177,6097,5097,6656,5807,5653,6065,6675,6748)
(15917,77,5734,6974,6951,6970,5056,6108,6177,6913,5190,6905,6341,5807)
(51070,127,6238,5808,5716,6486,5311,5277,6317,6108,5060,6904,6385,5659)
(99904,80,6057,6833,5506,6331,5181,6987,6316,6895,6136,5255,5642,6474,5636,5679,6485,5574,5629)
(106117,56,6905,6850,6674,5412,6800,6238,6442,6300,6273,6143,5300,5255,5099)
(68518,142,5979,5832,5615,6833,6057,5533,6305,5722,6478,6384,6728,6335,5850,6670,5734)
(58008,30,6065,5653,5807,6341,6905,6126,5101,5897,5311,6486,5903,6475,5267,6888,5261,5397,5173)
(90645,183,6885,6914,5863,6513,5021,5893,6452,6416,5953,6630,6331,5506,6833,6057,5533,6305,6782,5168,5103)
(51916,188,6057,5533,5752,5197,6478,6384,6790,5123,5891,5437,5022,5384,6507,5385,6359,6222,5659)
(76587,162,6475,5903,6486,5311,5587,6916,5221,6906,6868,6030,6342,6957,6675,6748)
(45743,268,5879,5347,5101,6727,6944,6853,6800,6238,6442,6300,6273,6143,6452,5453,6895,6493,5350)
(51208,265,6513,5021,5893,6452,6416,5953,6630,6331,5506,6833,6057,5533,6305,6782)
(51362,144,6300,6442,6985,5782,6475,6329,5873,6666,6970,5056,5060,6904,6385)
(35663,54,5311,6486,5716,5808,6238,6442,6300,5806,6424,6687,6331,6090,5832,5979,6366)
(60421,103,6377,6727,5587,5277,6239,5838,6666,6204,5734,6670,5850,6761,5891)
(69329,179,6416,6452,5893,5021,6008,5618,6822,6144,5221,6674,6377,5101,5347,5879,6097,5177)
(32447,222,5103,5168,6208,6478,5197,5476,5611,5692,5735,6560,5806,6044,5795,6822,6144,6906,6868)
(55723,94,5261,6888,6434,5100,5782,6985,6768,6414,6516,6008,6513,5863,6914,6885)
(92168,149,5347,5101,6377,6674,5221,6144,6822,5618,6516,6160,6143,6452,6449,6987,5756,5979)
(19519,44,5710,5981,5209,6877,6822,5795,6044,5806,6560,5735,5573,5490,5115,5397)
(53435,160,6136,5300,5893,5857,6516,5618,6822,5205,6853,6944,5587,5277,6317,6108,5127,5466)
(100142,71,6905,6850,6674,5221,5057,5280,5130,5381,5679,5636,6474,5642,5099,6080)
(50147,254,6208,5173,5397,5261,6888,6434,5100,5903,6486,5912,6944,6916,5221,6906,6868,6030,6342,6957)
(104042,59,5832,5615,6833,5874,5692,5573,5923,6756,6319,6888,5267,6329,5873)
(72737,220,6516,6160,6273,5806,6560,5735,5573,5490,5115,5397,5173,6208,5168,5103)
(84894,156,5653,5807,6656,5097,5879,6913,6177,6108,5056,6970,6666,6613,6183)
(22152,65,5615,6833,6057,6142,5476,5197,6478,6384,6728,6335,5850,6670,5734,6974,5102)
(25251,36,5574,5602,6885,6914,5863,6513,6008,6516,6414,6768,6985,5782,6475,5267)
(93173,117,5863,6513,6008,6516,6414,6044,5806,6560,6355,5923,5490,5115,5397)
(71848,93,5636,6474,5642,5255,6136,6895,6316,6987,5756,5832,5615,6833,6057,5533,6305,6782,5168)
(88570,173,6867,6493,6316,6449,6452,5893,5021,6008,5618,6822,6144,5221,6674,6377,5101,5347,6913)
(86026,249,5267,6475,5782,5777,5808,6800,5205,6144,6906,6868,6030,6342)
(83325,128,6355,6756,6319,5962,6989,6761,5437,5022,5384,6507,5385,6359)
(93969,138,5734,6204,6666,6970,5056,6108,6177,6913,5190,6792,6656,5807,5653,6065,6675)
(29752,123,6143,6273,6044,6768,6238,6800,6853,6944,6727,5101,5347,6913,5686,5177,5702,5555)
(41117,39,6317,6239,6669,6329,5267,6434,5326,6756,5923,5573,5692,5874,6833,5615,5832,5979,6366)
(85559,27,5100,5782,6985,6768,6414,5857,6219,5825,6538,6751,5679,6485,5574)
(26414,167,6613,6183,5790,5962,6319,6756,5923,5573,5692,5874,6833,5615,5832,5979)
(19944,196,6985,5777,5716,6486,6556,5838,6970,5056,5127,5925,6385,5659)
(52022,45,6656,5097,5879,6913,6177,6108,5056,6970,6951,6974,5734,6899,5022,5437,5891,5123,6746)
(39576,75,5022,6899,5734,6974,6951,6970,5056,6108,6177,6913,5190,6905)
(97808,51,6442,6238,5808,5716,6486,6556,6239,6317,6108,5060,6904,6385)
(102269,114,6656,5807,5910,6868,6723,5710,6914,5130,5413,6538,5825,6774,5642,5099,6080,6910)
(72302,41,6687,6424,6560,6355,6756,5326,5100,6475,6329,6669,6239,6317,6108,5127)
(77820,92,5177,6097,5879,5347,5101,6727,6944,6853,5205,6877,5885,6513,5021,5893)
(49033,162,5341,5102,6974,5734,6670,5850,6335,6728,6384,6478,5197,5752,5533,6057,6833)
(69782,119,6630,6638,6424,5806,6044,6768,6238,5808,5716,6486,5311,5277,6317,6108)
(101774,118,5347,5101,6727,6944,6853,6800,6238,6442,6300,6273,6143,5300,6136,6895,6493,5350)
(47657,94,6987,6449,6452,6143,6273,6300,6442,6985,5782,6475,6329,5873,6204,6974,5102,6694)
(61884,15,6384,6478,5197,5476,5611,5692,6436,6638,5104,6316,6895,5922,5099,5642,6474,5636,5679,6485,5574,5629)
(101095,226,5734,6974,6951,6970,5056,6108,6177,6913,5190,6792,6656,5807)
(38472,253,6687,6424,6560,6355,6756,6319,5962,6989,6761,5437,5022,5384,6507,5385)
(71550,55,6670,5734,6204,6666,6970,5056,6108,6177,6913,5190,6792,6656,5807,5653)
(22529,170,5099,5642,6774,5825,6620,6513,5885,6877,5205,6853,6944,5587,5277,6317,6108,5060,6904,6385)
(94274,161,6475,5782,6985,6768,6414,6516,6008,6513,5863,6914,6885,6793,5620,6748)
(70550,119,5533,6057,6833,5506,6331,5181,6987,6316,6895,5922,5099,5642,6474,5636)
(24394,231,6486,5716,5808,6238,6442,6300,5806,6424,6687,6331,6090,5832,5979)
(93341,10,5341,5102,6974,5734,6171,6183,5790,5962,6319,6756,5923,5573,6436,6638,5104,6316)
(80773,192,6057,6833,5506,6331,5181,6987,6316,6895,6136,5255,5642,6474,5636)
(84180,222,6906,6144,5205,6853,5912,6556,5838,6951,5696,6507,5384,5022,5437)
(52837,85,6474,5636,6751,5413,5130,5280,5981,6723,6868,5910,5807,6656,5097,6097,5177,5702,5555)
(22595,252,6768,6238,6800,6853,6944,6727,5101,5347,6913,5686,5177,5702,5555)
(71769,29,5021,5893,6452,6416,5953,6638,6687,5506,6833,6057,5533,6305,6782)
(108692,30,6638,6424,5806,6044,5795,6822,6144,5221,6674,6377,5101,5347,6913,5686,5177,5702)
(48021,199,5679,6751,6538,5825,6219,5857,6414,6044,5806,6560,5735,5573,6616,5476,5197,6478)
(38927,212,6493,6895,6136,5300,5893,5021,6513,5885,6877,5205,6853,6944,5587,5277,6317,6108,5060)
(39805,41,5925,5127,6108,6317,6239,6556,6486,5716,5777,6985,6442,6300,6273,6143)
(17203,44,5825,6219,5893,6452,6416,5953,6630,6331,5506,6833,6057,5533,6305)
(19979,227,5073,6342,6030,6868,6906,6144,6822,5795,6044,5806,6560,5735,5692,5611,5476)
(62592,215,5923,6355,6560,5806,6044,5795,6822,6877,5209,5981,5710,6885,5602)
(14268,250,5103,5168,6208,5173,5397,5115,5490,5923,6355,6560,5806,6044,6414,6516,6008,6513,5863,6914,6885)
(16486,122,5385,6507,5384,5022,5437,6761,6989,5962,6319,6756,5923,5573,6436,6638,5104,6316,6493)
(59551,28,5615,6833,5874,5692,5573,5490,5115,5261,5962,5790,6183,6171,5734)
(31730,19,5716,5777,6985,6768,6414,6160,6143,5300,6136,6895,6493,6867,6366)
(106598,281,5073,6342,6030,6868,6906,5221,5412,6800,5808,5777,5782,5100)
(86949,125,5412,6853,5912,6556,5838,6666,6613,6171,6670,5850,6335,6728,6187,5103)
(89449,23,5397,5261,6888,5267,6475,5903,6486,5311,5587,6916,5221,6906,6868,6030,6342)
(51008,56,6341,6905,6126,5101,5897,5311,6556,5838,6951,5696,6507,5384,5022,5437,5891,5123,6746)
(39489,230,6065,5653,5807,6341,6905,6126,6727,5587,5277,6239,6669,5873,6613)
(40364,82,6985,5782,6475,6329,5873,6204,6974,5102,6694,6359,6222,5659)
(10034,165,6474,5636,5679,6485,5602,6793,5073,6342,6480,5653,5807,6656,5097,6097,5177)
(102346,174,6516,5618,6822,6144,5221,6674,6377,5101,5347,6913,5686,5177,5702)
(42644,27,5168,6782,6305,5533,6057,6833,5506,6331,6630,5953,6416,6452,5893,6219,5825,6538)
(42809,178,5055,5925,5341,5102,6974,5734,6171,6183,5790,5962,6319,6756,6355,6560)
(76286,116,6853,5205,6877,5885,5585,6538,5380,6474,5642,5099,6080,6910)
(18534,83,6452,6143,6273,6300,6442,6985,5777,5716,6486,6556,5838,6970,5056,5127,5925)
(31675,243,6790,6728,6335,5850,6670,5734,6204,6666,6970,5056,6108,6177,6913,5190,6905)
(60244,201,6756,6355,6560,5806,6044,6414,5857,6219,5825,6538,5413,5381,6485,5574,5629)
(72195,179,6905,6850,6674,5221,6144,6822,5618,6516,6160,6143,5300,6136,6895,6493,5350,5165)
(89274,121,5103,5168,6208,6478,5197,5476,5611,5692,5735,6560,5806,6044,5795,6822,6877,5209,5981,5710,6885,6793,5620)
(59715,203,5659,6222,6359,5385,6507,5384,5022,5437,6761,6989,5962,6319,6756,5923,5573,6436,6638,5104,6316)
(72819,26,6449,6452,5893,5857,6414,6768,6238,5808,5716,6486,5311,5277,6317,6108,5127)
(11632,221,5903,6486,5912,6944,6727,6126,6905,6341,5807,5653,6065,6675,6748)
(26995,216,6136,5300,5893,5021,6513,5863,5280,5981,6723,6868,5910,5807,6656,5097,6097,5177,5702,5555)
(106159,80,5555,5702,5177,6097,5097,6656,5807,5910,6868,6723,5981,5280,5130,5381,5679,5636,6474,5642)
(16938,61,6329,6669,6239,5277,5587,6727,6126,6792,6656,5807,5653,6065)
(52453,207,5073,6342,6030,6868,6906,6144,5205,6853,5912,6556,6669,5873,6613,6171,6670)
(83173,234,6008,6516,6414,6768,6985,5782,6475,5267,6888,5261,5070,5722,6782,5168,5103)
(77051,96,5903,6486,5311,5587,6916,5221,5057,5280,6914,6885,6793,5620,6748)
(62920,4,5602,6885,6914,5863,6513,5021,5893,6452,6416,5953,6630,6331,5506,6833,6057,5533)
(65254,272,6888,6434,5100,5903,6486,5912,6853,5205,6144,6906,6868,6030,6342)
(13479,236,5722,5197,5476,5611,5692,5735,6560,5806,6044,5795,6822,6144,6906,6868,6030,6342)
(76807,115,5979,5832,5615,6833,6057,6142,5476,5197,6478,6384,6790,5123,5891,5437,5022,5384)
(63991,47,5832,5615,6833,5874,5692,5573,5923,6756,5326,6434,5267,6329,6669,6239,6317)
(80892,48,5533,6057,6833,5506,6331,5181,6987,6316,5113,6080,5099,5642,6474,5636,5679,6485)
(78758,254,5679,5636,6474,5642,5255,6136,6895,6316,6987,5181,6331,5506,6833,6057,5533,6305,6782,5168)
(12598,128,5060,5056,6970,6666,5873,6329,6475,5100,5326,6756,5923,5573,6436,6687,6331)
(66288,271,5056,6970,6666,6613,6183,5790,5962,5261,5070,5197,5476,6142,6057,6833,5615)
(42797,183,5573,5490,5115,5261,5962,5790,6183,6171,6899,5384,6507,5385)
(23374,236,6329,6475,5100,5326,6756,5923,5573,5692,5874,6833,5615,5832)
(50867,189,5300,5893,5021,6008,5618,6822,6144,5221,6674,6850,6905,6792,5097)
(16222,123,5100,5782,6985,6768,6414,6516,6008,6513,5863,6914,6885,6793,5620)
(30551,143,6414,6768,6238,6800,6853,6944,6727,5101,5347,6913,5686,5177,5702,5555)
(65875,102,5587,6944,6853,5205,6822,5618,6516,6160,6143,6452,5453,6895)
(83888,189,6329,6669,6239,5277,5587,6916,5221,5057,5981,5710,6885,6793,5620)
(14739,197,6341,6905,6126,6727,5587,5277,6239,6669,5873,6204,5734,6670,5850,6335,6728,6187,5103)
(19806,56,5611,5692,6436,6638,5953,6416,5453,6136,5255,5642,6474,5636)
(94469,92,5347,5101,6377,6674,5221,6144,6822,5618,6516,5857,5893,6452,6449,6987,5756,5979)
(13974,204,6513,6008,6516,6160,6273,5806,6560,5735,5692,5611,5476,5197,5722)
(94117,266,5102,6974,5734,6171,6183,5790,5962,6319,6756,5923,5573,6436,6687,6331)
(53470,181,5205,6800,5808,5716,5903,6475,5267,6888,5261,5397,5173,6384)
(40499,215,5437,5022,5384,6507,5385,6359,6222,6385,5055,5702,5177,6097,5097,6656,5807,5910)
(87769,167,5280,5209,6877,5205,6853,5912,6556,5838,6951,5696,6507,5384,5022,5437,5891,5123)
(33335,59,6474,5642,5255,6136,6895,6316,6987,5181,6331,5506,6833,6057,5533,6305,6782)
(52387,128,5777,6985,6442,6300,6273,6143,5300,6136,6895,6493,6867,6366)
(39380,131,5795,6044,5806,6560,5735,5573,5490,5115,5397,5173,6208,5168,5103)
(64365,153,6366,5979,5832,5615,6833,6057,6142,5476,5197,6478,6384,6790,5123,5891,5437,5022,5384,6507,5385,6359,6222)
(13987,235,6143,6273,6300,6442,6238,6800,5412,6674,6377,5101,5347,6913)
(62448,51,6493,6895,6136,5300,6143,6273,6300,6442,6985,5777,5716,6486,5311,5277,6317,6108)
(37575,146,5734,6974,6951,6970,5056,5060,6236,5177,6097,5097,6656,5807,5653,6065,6675)
(30439,33,6913,5347,5101,6727,6944,6853,6800,6238,6442,6300,6273,6143,6452,5453,6895)
(72056,53,6421,6475,5782,6985,6768,6414,5857,6219,5825,6538,5413,5381,6485,5574,5629)
(60854,27,6630,6638,6424,6560,6355,6756,6319,5962,5790,6183,6171,5734,6974,5102,6694,6359,6222)
(84912,158,5102,6974,5734,6670,5850,6335,6728,6384,6478,5197,5476,6142,6057,6833)
(73543,247,5099,5642,6474,5636,5679,6485,5602,6793,5073,6342,6480,5653,5807,6656,5097)
(14886,86,6656,5807,5653,6480,6450,5981,5280,5130,5413,6538,5825,6774,5642)
(87185,98,6208,5173,5397,5261,6888,5267,6475,5903,6486,5912,6944,6727,6126,6905,6341,5807,5653)
(59684,173,6416,6452,5893,5021,6513,5885,6877,6144,5221,6674,6850,6905,6792,5097,6097,5177)
(84013,55,6888,5267,6475,5782,5777,5808,6800,5205,6144,6906,6868,6030,6342)
(72232,214,6065,5653,5807,6341,6905,6126,5101,5897,5311,6486,5903,6475,5267,6888,5261,5070,5722)
(28146,82,5825,6538,5413,5130,6914,5710,6723,6868,5910,5807,6656,5097,6097)
(17673,271,6987,6449,6452,5893,5857,6516,5618,6822,6144,5221,6674,6377,5101,5347,6913,5686,5177,5702,5555)
(95748,88,5838,6669,6329,6475,5100,5326,6756,6355,6560,6424,6687,6331,6090,5832,5979,6366)
(98569,38,6355,6560,5806,6044,5795,6822,6877,5209,5981,5710,6885,5602,5574)
(83369,177,5300,6143,6273,6300,6442,6238,6800,6853,6944,6727,5101,5347,6913,5686,5177)
(36416,31,6910,6080,5099,5642,6774,5825,6538,5413,5130,6914,5710,6723,6868,5910,5807,6656,5097,6097)
(54016,198,6833,6057,6142,5476,5197,6478,6384,6790,5123,5891,5437,5022,5384,6507,5385,6359,6222,5659)
(107156,43,6300,6442,6985,5782,6475,6329,5873,6666,6970,5056,5060,6904,5055)
(80442,108,6687,6424,6560,6355,6756,5326,6434,5267,6329,5873,6666,6970,5056,5060,6904,5055)
(60829,260,6342,6030,6868,6906,6144,6822,5795,6044,5806,6560,5735,5573,5490,5115,5397,5173)
(102186,29,6675,6065,5653,5807,6341,6905,6126,6727,5587,5311,6486,5903,5100)
(71635,155,6906,6144,5205,6853,5912,6556,6669,5873,6613,6171,6670,5850,6335,6728)
(12177,227,6080,5099,5255,5300,6143,6273,6300,6442,6238,6800,5412,6674,6377,5101)
(32419,207,5642,6774,5825,6620,6008,5618,6822,6144,5221,6674,6377,5101,5347)
(55794,180,6944,6853,6800,6238,6768,6414,5857,5893,5300,5255,5099,6080,6910)
(26301,44,5925,5341,5102,6974,5734,6171,6183,5790,5962,6319,6756,5923,5573,6436,6638,5953)
(89556,119,6638,6424,6560,6355,6756,6319,6888,5267,6329,6669,5838,6970,5056,5127,5925)
(53927,133,5716,5777,6985,6442,6300,5806,6424,6638,5104,6987,5756,5979,6366)
(77559,92,6723,6906,6144,6822,5795,6768,6985,5782,6475,5267,6888,5261,5397)
(25063,123,6513,6008,6516,6414,6044,5806,6560,5735,5573,5490,5115,5070)
(40111,90,6687,6424,6560,6355,6756,6319,5962,5790,6183,6171,5734,6974,5102,6694,6359)
(29695,65,5412,6853,5912,6556,5838,6951,5696,6507,5384,5022,5437,5891,5123,6746)
(74560,215,6335,5850,6670,5734,6974,6951,6970,5056,6108,6177,6913,5190,6905,6341,5807,5653,6065,6675,6748)
(58848,114,6219,5021,6513,5885,6877,6144,5221,6674,6850,6905,6792,5097,6097,5177,5702)
(23466,71,5221,5412,6853,5912,6556,5838,6666,6204,5734,6899,5022,5437,5891)
(50188,28,5777,6985,6442,6300,6273,6143,6452,6449,6316,6493,5350,5165)
(64329,111,6782,6305,5533,6057,6833,5615,5832,5756,6987,6316,6895,6136,5255,5642,6474,5636)
(85840,63,5912,6853,5205,6877,5885,5585,6751,5636,6474,5642,5099,6080,6910,5165)
(48427,95,6985,5777,5716,6486,5311,5277,6317,6108,5127,5925,6385,5659)
(60598,44,5102,6974,5734,6171,6183,5790,5962,6319,6756,5923,5573,6436,6638,5104,6316)
(56438,41,6888,5267,6475,5903,6486,5311,5587,6916,5221,5057,5981,5710)
(20744,227,5300,6143,6273,6044,6768,6238,6800,5412,6674,6377,5101,5347,6913)
(97902,156,6560,6355,6756,5326,5100,6475,6329,5873,6666,6970,5056,5060,6904)
(105506,226,5300,5893,5857,6516,5618,6822,5205,6853,6944,6727,5101,5347,6913)
(87467,113,6434,5100,5782,6985,6768,6414,6516,6008,6513,5863,6914,6885,6793,5620)
(60405,100,6493,6316,6449,6452,6143,6273,6300,6442,6238,6800,6853,6944,6727,5101)
(72418,156,5099,5642,6474,5636,5679,6485,5602,6793,5073,6342,6480,5653,5807,6656,5097,6097,5177)
(71912,172,5300,5893,5021,6513,5885,6877,6144,5221,6674,6850,6905,6792,5097,6097)
(35861,255,6355,6560,5806,6044,6414,5857,6219,5825,6538,5413,5381,6485)
(31032,117,6666,5873,6329,6475,5100,5326,6756,6355,6560,6424,6638,5104,6987)
(80162,109,6329,6669,6556,5311,5587,6916,5221,5057,5981,5710,6885,5602,5574,5629)
(93801,210,6913,5347,5101,6377,6674,5221,5057,5280,5130,5413,6751,5636,6474,5642,5099)
(77033,90,5347,5101,6377,6674,5221,5057,5209,5885,6513,5021,5893,5300,6136)
(10773,114,6377,6727,5587,5277,6239,5838,6951,5696,6507,5384,5022,5437,5891)
(11248,81,5197,5476,5611,5692,6436,6638,5953,6416,5453,6136,5255,5642,6474,5636,5679)
(39932,177,6475,5903,6486,5912,6944,6727,6126,6905,6341,5807,5653,6065,6675)
(11140,228,5808,5777,5782,5100,6434,6888,5261,5397,5173,6208,5168,5103)
(79651,104,5021,5893,6452,6416,5953,6630,6331,5506,6833,6057,5533,6305,6782,5168)
(66431,159,6424,5806,6300,6442,6985,5777,5716,6486,5311,5277,6317,6108,5060,6904)
(75732,84,5300,6143,6273,6300,6442,6985,5782,6475,6329,5873,6204,6974,5102,6694,6359,6222)
(82577,175,6065,5653,5807,6656,5097,5879,6913,6177,6108,5056,6970,6666,6613,6171,6899,5022,5437,5891,5123)
(76290,129,5893,5857,6516,5618,6822,5205,6853,6944,5587,5277,6317,6108,5127,5925,6385)
(52721,228,6057,6142,5476,5197,6478,6384,6790,5123,5891,5437,5022,5384,6507)
(82331,191,5863,6513,6008,6516,6414,6044,5806,6560,5735,5692,5611,5476,5197,5722,6782,5168)
(89070,175,5350,6493,6316,6449,6452,6143,6273,6044,6768,6985,5777,5716,6486,5311)
(61586,252,6144,6822,5795,6044,5806,6560,5735,5573,5490,5115,5070,6478,6384,6187,5103)
(68672,47,5177,6097,5097,6792,6905,6850,6674,5412,6800,6238,6442,6300,6273,6143,5300,6136,6895)
(19709,223,6335,5850,6670,6171,6421,6475,5782,6985,6768,6414,5857,6219,5825,6538,6751,5679,6485,5574)
(23597,208,5115,5490,5573,6436,6638,5953,6416,5453,6136,5255,5642,6474,5636,5679,6485,5574,5629)
(77741,16,6687,6424,6560,6355,6756,6319,5962,5790,6183,6171,5734,6974,5102)
(21988,169,6556,5912,6853,5205,6877,5885,5585,6538,5825,6774,5642,5099,6080,6910)
(34967,147,5300,5893,5021,6513,5885,6877,5205,5412,6674,6377,5101,5347)
(59766,250,6790,6384,5173,5397,5115,5490,5573,6436,6638,5953,6416,5453,6136,5255,5642,6474,5636)
(70348,162,6222,6359,5385,6507,5384,5022,5437,6761,6989,5962,6319,6756,6355,6560,6424,6687,6331)
(54168,99,5127,6108,6317,5277,5311,5912,6853,6800,6238,6442,6300,6273,6143,6452,5453)
(11350,198,6080,5099,5642,6774,6219,5857,6414,6768,6238,6800,6853,6944,6727,5101,5347,6913)
(35097,276,5177,6097,5097,6656,5807,5910,6868,6723,5710,6914,5863,6513,5021,5893)
(72901,112,5573,5923,6756,6319,5962,6989,5850,6670,5734,6949,6507,5385,6359,6222,5659)
(95879,227,6143,6273,6300,6442,6985,5782,6475,6329,5873,6204,6949,6507,5385,6359,6222)
(45687,208,5825,6538,5413,5130,6914,5710,6723,6868,5910,5807,6656,5097,6097)
(30938,281,5021,6513,5863,5280,5981,6723,6868,5910,5807,6656,5097,6097,5177)
(95888,213,6516,6414,6768,6985,5782,5100,6434,6888,5261,5397,5173,6208,5168,5103)
(60789,232,5659,6222,6359,5385,6507,5384,5022,5437,5891,5123,6746,5103,5168,6782,6305,5533,6057,6833)
(108228,95,5979,5832,5615,6833,6057,6142,5476,5197,6478,6384,6790,5123,5891,5437,5022,5384,6507,5385)
(18975,282,6974,5734,6670,5850,6335,6728,6384,6478,5197,5752,5533,6057,6833,5615)
(65090,98,6208,5173,5397,5115,5490,5923,6355,6560,5806,6044,6414,6516,6008,6513,5863,6914)
(91989,227,5850,6670,5734,6204,6666,6970,5056,6108,6177,6913,5190,6905,6341,5807)
(15886,40,6108,6317,6239,6669,6329,5267,6434,5326,6756,5923,6616,6142,6057,6833,5615,5832)
(25653,191,6421,6329,6669,6239,5277,5587,6916,5221,6906,6868,6030,6342,5073,5620)
(18497,49,6377,6727,5587,5311,6556,6669,5873,6613,6183,5790,6989,6335,5013,5123)
(49374,243,5115,5490,5573,5735,6560,5806,6044,5795,6822,6144,6906,6868,6030,6342)
(32311,79,6885,6914,5280,5209,6877,6822,5795,6044,5806,6560,5735,5692,5611,5476)
(33396,119,5177,6097,5879,5347,5101,6377,6674,5221,6144,6822,5618,6516,6160,6143,6452,6449,6987,5756,5979)
(32096,138,6675,6065,5653,5807,6341,6905,6126,6727,5587,5277,6239,5838,6666,6204,5734)
(49249,134,5021,6513,5885,6877,6144,5221,6674,6377,5101,5347,6913,5686)
(18024,102,6478,5197,5476,5611,5692,6436,6638,5953,6416,5453,6136,5255,5642,6474,5636,5679,6485)
(103144,208,5573,5923,6756,6319,5962,5790,6183,6171,6899,5384,6507,5385,6359,6222)
(96935,224,5923,6355,6560,5806,6044,6414,5857,6219,5825,6538,5413,5381,6485,5574)
(75289,169,5311,6486,5716,5808,6238,6442,6300,6273,6143,5300,6136,6895,6493,5350)
(109244,67,6888,6434,5100,5782,5777,5808,6800,5205,6877,5209,5280,6914,6885,5602,5574)
(33968,196,6877,5205,6800,5808,5716,5903,6475,5267,6888,5261,5070,6478,6208)
(24376,219,6906,5221,5412,6853,5912,6556,5838,6666,6613,6183,5790,6989,6761,5891,5123)
(40810,267,6442,6985,5777,5716,6486,5311,5277,6317,6108,5060,6904,6385)
(22682,76,6638,6424,5806,6044,6768,6238,6800,5412,6674,6850,6905,6792,5097,6097,5177)
(61288,217,5209,6877,5205,6800,5808,5777,5782,5100,6434,6888,5261,5397,5173)
(23932,25,5953,6638,6424,6560,6355,6756,5326,6434,5267,6329,5873,6666,6970,5056)
(75484,108,6905,6850,6674,5221,5057,5280,5130,5413,6538,5380,6474,5642,5099,6080,6910,5165)
(84628,142,5874,5611,5476,5197,6478,6384,6790,5123,5891,5437,5022,5384,6507)
(54973,125,6273,6300,6442,6238,6800,5412,6674,6377,5101,5347,5879,6097,5177,5702)
(87024,207,6656,5807,5910,6868,6723,5710,6914,5130,5413,6538,5825,6774,5642,5099,6080,6910,5165)
(52586,87,5397,5261,6888,5267,6475,5782,6985,6768,5795,6822,6877,5209)
(50056,145,5100,5903,6486,5311,5587,6916,5221,5057,5981,5710,6885,6793)
(39079,105,5953,6638,6424,6560,6355,6756,6319,5962,5790,6183,6171,5734,6974,5102,6694,6359,6222,5659)
(99212,169,5734,6670,5850,6335,6728,6187,5168,6782,6305,5533,6057,6833,5615,5832)
(38366,169,5879,5347,5101,6727,6944,6853,5205,6822,5618,6516,6160,6143,5300,6136)
(106415,77,5832,5615,6833,6057,5533,6305,5722,6478,6384,6790,5123,5891,5437,5022,5384,6507)
(67373,41,6790,6384,5173,5397,5115,5490,5573,5735,6560,5806,6044,6414,6516,6008,6513)
(88840,183,6424,6560,6355,6756,5326,6434,5267,6329,6669,5838,6970,5056,5127,5925)
(78674,159,6478,5197,5476,5611,5692,6436,6638,5953,6416,5453,5922,5099,5642,6474,5636,5679)
(105871,56,5311,6486,5716,5808,6238,6442,6300,6273,6143,6452,6449,6316,6493,5350)
(23497,108,6687,6424,6560,6355,6756,6319,5962,6989,5850,6670,5734,6974,5102,6694,6359)
(32334,116,5891,5437,5022,6899,5734,6204,5873,6669,6239,5277,5587,6916,5221,6906)
(24340,187,5611,5692,6436,6638,5104,6316,5113,6080,5099,5642,6474,5636,5679,6485)
(26451,205,6748,6675,6065,5653,5807,6341,6905,6126,6727,5587,5277,6239,5838,6666,6613,6183,5790)
(32536,46,6317,5277,5587,6944,6853,5205,6822,5618,6516,6160,6143,5300,6136)
(94122,28,6774,5825,6538,5413,5130,5280,5981,6723,6868,5910,5807,6656,5097,6097,5177,5702)
(54087,30,6030,6868,6906,5221,5412,6853,5912,6556,5838,6951,6974,5734,6670,5850,6335)
(11955,274,6906,6144,5205,6853,5912,6556,6669,5873,6613,6171,6670,5850,6335)
(28276,221,5127,6108,6317,5277,5311,5912,6853,6800,6238,6442,6300,6273,6143,5300,6136)
(92716,177,5437,5022,5384,6507,5385,6359,6222,6385,5055,5702,5177,6097,5097,6656,5807)
(17507,116,6904,5060,5056,6970,5838,6556,5912,6853,5205,6877,5885,5585,6751,5636,6474,5642,5099,6080,6910)
(82990,59,6030,6868,6906,6144,5205,6800,5808,5777,5782,6475,5267,6888,5261,5070,5722,6782,5168,5103)
(75070,200,6474,5636,5679,6485,5602,6793,5073,6342,6480,5653,5807,6656,5097,6097,5177,5702,5555)
(47611,38,5055,5925,5341,5102,6974,5734,6670,5850,6335,6728,6384,6478,5197,5752,5533,6057,6833,5615,5832,5979,6366)
(61856,259,6687,6424,6560,6355,6756,5326,6434,5267,6329,5873,6666,6970,5056,5127)
(26903,145,6904,5060,5056,6970,5838,6669,6329,6475,5100,5326,6756,6355,6560)
(16289,174,6097,5097,6656,5807,5653,6480,6450,5710,6914,5130,5413,6538,5825,6774)
(78821,52,5615,6833,5874,5692,5573,5490,5115,5261,6888,5267,6329,6669,6239,6317,6108)
(91893,116,5790,6183,6421,6475,5903,6486,5912,6944,6916,5221,5057,5280,6914)
(71691,217,6385,6904,5060,6108,6317,5277,5311,6486,5716,5777,6985,6442,6300,6273,6143,5300,5255)
(19207,239,5102,6974,5734,6171,6183,5790,5962,6319,6756,5923,5573,6436,6638,5104,6316)
(37618,207,6885,6914,5863,6513,5021,5857,6414,6768,6985,5782,5100,5326)
(89429,268,6822,5795,6044,5806,6560,5735,5692,5611,5476,5197,5722,6782,5168)
(37654,243,5412,6853,5912,6556,5838,6951,5696,6507,5384,5022,5437,5891,5123,6746)
(58376,153,5102,6974,5734,6670,5850,6335,6728,6187,5168,6782,6305,5533,6057,6833,5615,5832)
(17259,109,6317,6239,6669,6329,5267,6434,5326,6756,5923,5573,6436,6638,5104,6316,6493,5350)
(96036,102,6080,5099,5255,5300,5893,5857,6516,5618,6822,6144,5221,6674,6377,5101,5347,6913)
(88470,83,6793,6885,6914,5863,6513,5021,5893,6452,6416,5953,6630,6331,5506,6833,6057,5533)
(97456,224,5115,5490,5573,5735,6560,5806,6044,6414,5857,6219,5825,6538,5413)
(51708,233,5912,6853,5205,6877,5885,5585,6751,5636,6474,5642,5099,6080,6910)
(69479,88,6316,6449,6452,6143,6273,6300,6442,6985,5777,5716,6486,5311,5277)
(26264,16,5636,5380,5825,6219,5857,6414,6044,5806,6560,5735,5692,5611,5476)
(102585,160,5101,6377,6674,5412,6800,6238,6442,6300,5806,6424,6687,6331,6090,5832,5979,6366)
(18094,159,5103,5168,6208,5173,5397,5115,5490,5923,6355,6560,5806,6044,5795,6822)
(74880,16,6273,6300,6442,6238,6800,6853,6944,5587,5277,6317,6108,5127,5925,6385)
(68051,195,5300,5893,5021,6008,5618,6822,5205,5412,6674,6377,5101,5347,6913)
(39365,131,5790,6183,6421,6475,5782,6985,6768,6414,6516,6008,6513,5863,6914,6885,6793,6283)
(60246,207,6424,6560,6355,6756,5326,5100,6475,6329,5873,6666,6970,5056,5060,6904)
(20855,64,5710,6723,6906,6144,5205,6800,5808,5716,5903,6475,5267,6888,5962)
(63190,25,6057,6142,5476,5197,6478,6384,6728,6335,5850,6670,5734,6949)
(14698,142,5636,5380,5825,6219,5857,6414,6768,6985,5782,5100,6434,6888,5261,5397,5173,6384)
